interact_region	promoter_region	pred	RF_rank	distance	kmeans	clustmean
chr6_122339000_122340000	chr6_122820000_122821000	0.593433	1	-481000	1	0.2385986
chr6_122874000_122875000	chr6_122820000_122821000	0.280978	2	54000	1	0.2385986
chr6_122761000_122762000	chr6_122820000_122821000	0.278921	3	-59000	1	0.2385986
chr6_122309000_122310000	chr6_122820000_122821000	0.260691	4	-511000	1	0.2385986
chr6_122304000_122305000	chr6_122820000_122821000	0.249334	5	-516000	1	0.2385986
chr6_122392000_122393000	chr6_122820000_122821000	0.242999	6	-428000	1	0.2385986
chr6_122659000_122660000	chr6_122820000_122821000	0.240261	7	-161000	1	0.2385986
chr6_122557000_122558000	chr6_122820000_122821000	0.196644	8	-263000	1	0.2385986
chr6_122491000_122492000	chr6_122820000_122821000	0.192976	9	-329000	1	0.2385986
chr6_122669000_122670000	chr6_122820000_122821000	0.179835	10	-151000	1	0.2385986
chr6_122826000_122827000	chr6_122820000_122821000	0.177271	11	6000	1	0.2385986
chr6_122627000_122628000	chr6_122820000_122821000	0.176514	12	-193000	1	0.2385986
chr6_122533000_122534000	chr6_122820000_122821000	0.175222	13	-287000	1	0.2385986
chr6_122487000_122488000	chr6_122820000_122821000	0.16772	14	-333000	1	0.2385986
chr6_122801000_122802000	chr6_122820000_122821000	0.16618	15	-19000	1	0.2385986
chr6_122258000_122259000	chr6_122820000_122821000	0.143467	16	-562000	2	0.0655936078431373
chr6_122834000_122835000	chr6_122820000_122821000	0.135236	17	14000	2	0.0655936078431373
chr6_122492000_122493000	chr6_122820000_122821000	0.134394	18	-328000	2	0.0655936078431373
chr6_122313000_122314000	chr6_122820000_122821000	0.133279	19	-507000	2	0.0655936078431373
chr6_122344000_122345000	chr6_122820000_122821000	0.130913	20	-476000	2	0.0655936078431373
chr6_122772000_122773000	chr6_122820000_122821000	0.129799	21	-48000	2	0.0655936078431373
chr6_122553000_122554000	chr6_122820000_122821000	0.12965	22	-267000	2	0.0655936078431373
chr6_122690000_122691000	chr6_122820000_122821000	0.127739	23	-130000	2	0.0655936078431373
chr6_122505000_122506000	chr6_122820000_122821000	0.120767	24	-315000	2	0.0655936078431373
chr6_122319000_122320000	chr6_122820000_122821000	0.119733	25	-501000	2	0.0655936078431373
chr6_122633000_122634000	chr6_122820000_122821000	0.117629	26	-187000	2	0.0655936078431373
chr6_122742000_122743000	chr6_122820000_122821000	0.116621	27	-78000	2	0.0655936078431373
chr6_122335000_122336000	chr6_122820000_122821000	0.114286	28	-485000	2	0.0655936078431373
chr6_122740000_122741000	chr6_122820000_122821000	0.110297	29	-80000	2	0.0655936078431373
chr6_122785000_122786000	chr6_122820000_122821000	0.109565	30	-35000	2	0.0655936078431373
chr6_122531000_122532000	chr6_122820000_122821000	0.108914	31	-289000	2	0.0655936078431373
chr6_122522000_122523000	chr6_122820000_122821000	0.106474	32	-298000	2	0.0655936078431373
chr6_122367000_122368000	chr6_122820000_122821000	0.101687	33	-453000	2	0.0655936078431373
chr6_122610000_122611000	chr6_122820000_122821000	0.100749	34	-210000	2	0.0655936078431373
chr6_122719000_122720000	chr6_122820000_122821000	0.099712	35	-101000	2	0.0655936078431373
chr6_122391000_122392000	chr6_122820000_122821000	0.099261	36	-429000	2	0.0655936078431373
chr6_122819000_122820000	chr6_122820000_122821000	0.099155	37	-1000	2	0.0655936078431373
chr6_122337000_122338000	chr6_122820000_122821000	0.096133	38	-483000	2	0.0655936078431373
chr6_122720000_122721000	chr6_122820000_122821000	0.095947	39	-100000	2	0.0655936078431373
chr6_122560000_122561000	chr6_122820000_122821000	0.093931	40	-260000	2	0.0655936078431373
chr6_122804000_122805000	chr6_122820000_122821000	0.092125	41	-16000	2	0.0655936078431373
chr6_122365000_122366000	chr6_122820000_122821000	0.088223	42	-455000	2	0.0655936078431373
chr6_122810000_122811000	chr6_122820000_122821000	0.085833	43	-10000	2	0.0655936078431373
chr6_122745000_122746000	chr6_122820000_122821000	0.085714	44	-75000	2	0.0655936078431373
chr6_122732000_122733000	chr6_122820000_122821000	0.085425	45	-88000	2	0.0655936078431373
chr6_122325000_122326000	chr6_122820000_122821000	0.084255	46	-495000	2	0.0655936078431373
chr6_122393000_122394000	chr6_122820000_122821000	0.083308	47	-427000	2	0.0655936078431373
chr6_122532000_122533000	chr6_122820000_122821000	0.083234	48	-288000	2	0.0655936078431373
chr6_123810000_123811000	chr6_122820000_122821000	0.082011	49	990000	2	0.0655936078431373
chr6_122821000_122822000	chr6_122820000_122821000	0.081267	50	1000	2	0.0655936078431373
chr6_122608000_122609000	chr6_122820000_122821000	0.0803	51	-212000	2	0.0655936078431373
chr6_122875000_122876000	chr6_122820000_122821000	0.077739	52	55000	2	0.0655936078431373
chr6_122609000_122610000	chr6_122820000_122821000	0.077366	53	-211000	2	0.0655936078431373
chr6_122402000_122403000	chr6_122820000_122821000	0.073513	54	-418000	2	0.0655936078431373
chr6_122764000_122765000	chr6_122820000_122821000	0.07285	55	-56000	2	0.0655936078431373
chr6_122670000_122671000	chr6_122820000_122821000	0.072005	56	-150000	2	0.0655936078431373
chr6_122312000_122313000	chr6_122820000_122821000	0.071747	57	-508000	2	0.0655936078431373
chr6_122126000_122127000	chr6_122820000_122821000	0.070563	58	-694000	2	0.0655936078431373
chr6_122494000_122495000	chr6_122820000_122821000	0.069856	59	-326000	2	0.0655936078431373
chr6_123138000_123139000	chr6_122820000_122821000	0.068121	60	318000	2	0.0655936078431373
chr6_122469000_122470000	chr6_122820000_122821000	0.066846	61	-351000	2	0.0655936078431373
chr6_122811000_122812000	chr6_122820000_122821000	0.064994	62	-9000	2	0.0655936078431373
chr6_122824000_122825000	chr6_122820000_122821000	0.062784	63	4000	2	0.0655936078431373
chr6_123327000_123328000	chr6_122820000_122821000	0.06259	64	507000	2	0.0655936078431373
chr6_122768000_122769000	chr6_122820000_122821000	0.061947	65	-52000	2	0.0655936078431373
chr6_122331000_122332000	chr6_122820000_122821000	0.057143	67.5	-489000	2	0.0655936078431373
chr6_122795000_122796000	chr6_122820000_122821000	0.057143	67.5	-25000	2	0.0655936078431373
chr6_122336000_122337000	chr6_122820000_122821000	0.057143	67.5	-484000	2	0.0655936078431373
chr6_122735000_122736000	chr6_122820000_122821000	0.057143	67.5	-85000	2	0.0655936078431373
chr6_122744000_122745000	chr6_122820000_122821000	0.056269	70	-76000	2	0.0655936078431373
chr6_122355000_122356000	chr6_122820000_122821000	0.056126	71	-465000	2	0.0655936078431373
chr6_122595000_122596000	chr6_122820000_122821000	0.055695	72	-225000	2	0.0655936078431373
chr6_122315000_122316000	chr6_122820000_122821000	0.053143	73	-505000	2	0.0655936078431373
chr6_122308000_122309000	chr6_122820000_122821000	0.052277	74	-512000	2	0.0655936078431373
chr6_122368000_122369000	chr6_122820000_122821000	0.049656	75	-452000	2	0.0655936078431373
chr6_122739000_122740000	chr6_122820000_122821000	0.047194	76	-81000	2	0.0655936078431373
chr6_122741000_122742000	chr6_122820000_122821000	0.046722	77	-79000	2	0.0655936078431373
chr6_122378000_122379000	chr6_122820000_122821000	0.046592	78	-442000	2	0.0655936078431373
chr6_122554000_122555000	chr6_122820000_122821000	0.044182	79	-266000	2	0.0655936078431373
chr6_122686000_122687000	chr6_122820000_122821000	0.043665	80	-134000	2	0.0655936078431373
chr6_122496000_122497000	chr6_122820000_122821000	0.04365	81	-324000	2	0.0655936078431373
chr6_122702000_122703000	chr6_122820000_122821000	0.043179	82	-118000	2	0.0655936078431373
chr6_122310000_122311000	chr6_122820000_122821000	0.042908	83	-510000	2	0.0655936078431373
chr6_122332000_122333000	chr6_122820000_122821000	0.038968	84	-488000	2	0.0655936078431373
chr6_122356000_122357000	chr6_122820000_122821000	0.036676	85	-464000	2	0.0655936078431373
chr6_122773000_122774000	chr6_122820000_122821000	0.036417	86	-47000	2	0.0655936078431373
chr6_122784000_122785000	chr6_122820000_122821000	0.033583	87	-36000	2	0.0655936078431373
chr6_122495000_122496000	chr6_122820000_122821000	0.033203	88	-325000	2	0.0655936078431373
chr6_122712000_122713000	chr6_122820000_122821000	0.032364	89	-108000	2	0.0655936078431373
chr6_122662000_122663000	chr6_122820000_122821000	0.031653	90	-158000	2	0.0655936078431373
chr6_122320000_122321000	chr6_122820000_122821000	0.029787	91	-500000	2	0.0655936078431373
chr6_122598000_122599000	chr6_122820000_122821000	0.029325	92	-222000	2	0.0655936078431373
chr6_122667000_122668000	chr6_122820000_122821000	0.028714	93	-153000	2	0.0655936078431373
chr6_122545000_122546000	chr6_122820000_122821000	0.028571	104	-275000	2	0.0655936078431373
chr6_122828000_122829000	chr6_122820000_122821000	0.028571	104	8000	2	0.0655936078431373
chr6_122342000_122343000	chr6_122820000_122821000	0.028571	104	-478000	2	0.0655936078431373
chr6_122521000_122522000	chr6_122820000_122821000	0.028571	104	-299000	2	0.0655936078431373
chr6_122593000_122594000	chr6_122820000_122821000	0.028571	104	-227000	2	0.0655936078431373
chr6_122606000_122607000	chr6_122820000_122821000	0.028571	104	-214000	2	0.0655936078431373
chr6_122628000_122629000	chr6_122820000_122821000	0.028571	104	-192000	2	0.0655936078431373
chr6_122614000_122615000	chr6_122820000_122821000	0.028571	104	-206000	2	0.0655936078431373
chr6_122699000_122700000	chr6_122820000_122821000	0.028571	104	-121000	2	0.0655936078431373
chr6_122706000_122707000	chr6_122820000_122821000	0.028571	104	-114000	2	0.0655936078431373
chr6_122713000_122714000	chr6_122820000_122821000	0.028571	104	-107000	2	0.0655936078431373
chr6_122727000_122728000	chr6_122820000_122821000	0.028571	104	-93000	2	0.0655936078431373
chr6_122743000_122744000	chr6_122820000_122821000	0.028571	104	-77000	2	0.0655936078431373
chr6_122758000_122759000	chr6_122820000_122821000	0.028571	104	-62000	2	0.0655936078431373
chr6_122767000_122768000	chr6_122820000_122821000	0.028571	104	-53000	2	0.0655936078431373
chr6_122869000_122870000	chr6_122820000_122821000	0.028571	104	49000	2	0.0655936078431373
chr6_122696000_122697000	chr6_122820000_122821000	0.028571	104	-124000	2	0.0655936078431373
chr6_123657000_123658000	chr6_122820000_122821000	0.028571	104	837000	2	0.0655936078431373
chr6_122731000_122732000	chr6_122820000_122821000	0.028571	104	-89000	2	0.0655936078431373
chr6_123137000_123138000	chr6_122820000_122821000	0.028571	104	317000	2	0.0655936078431373
chr6_123697000_123698000	chr6_122820000_122821000	0.028571	104	877000	2	0.0655936078431373
chr6_122694000_122695000	chr6_122820000_122821000	0.027756	115	-126000	2	0.0655936078431373
chr6_122316000_122317000	chr6_122820000_122821000	0.021495	116	-504000	2	0.0655936078431373
chr6_122660000_122661000	chr6_122820000_122821000	0.020832	117	-160000	2	0.0655936078431373
chr6_122635000_122636000	chr6_122820000_122821000	0.017071	118	-185000	3	-0.0253727663551402
chr6_122329000_122330000	chr6_122820000_122821000	0.011954	119	-491000	3	-0.0253727663551402
chr6_122259000_122260000	chr6_122820000_122821000	0.011537	120	-561000	3	-0.0253727663551402
chr6_122786000_122787000	chr6_122820000_122821000	0.010257	121	-34000	3	-0.0253727663551402
chr6_122295000_122296000	chr6_122820000_122821000	0.009729	122	-525000	3	-0.0253727663551402
chr6_122318000_122319000	chr6_122820000_122821000	0.008407	123	-502000	3	-0.0253727663551402
chr6_122333000_122334000	chr6_122820000_122821000	0.006112	124	-487000	3	-0.0253727663551402
chr6_122689000_122690000	chr6_122820000_122821000	0.00533	125	-131000	3	-0.0253727663551402
chr6_123332000_123333000	chr6_122820000_122821000	0.004602	126	512000	3	-0.0253727663551402
chr6_122726000_122727000	chr6_122820000_122821000	0	141	-94000	3	-0.0253727663551402
chr6_122729000_122730000	chr6_122820000_122821000	0	141	-91000	3	-0.0253727663551402
chr6_122346000_122347000	chr6_122820000_122821000	0	141	-474000	3	-0.0253727663551402
chr6_122366000_122367000	chr6_122820000_122821000	0	141	-454000	3	-0.0253727663551402
chr6_122528000_122529000	chr6_122820000_122821000	0	141	-292000	3	-0.0253727663551402
chr6_122546000_122547000	chr6_122820000_122821000	0	141	-274000	3	-0.0253727663551402
chr6_122571000_122572000	chr6_122820000_122821000	0	141	-249000	3	-0.0253727663551402
chr6_122617000_122618000	chr6_122820000_122821000	0	141	-203000	3	-0.0253727663551402
chr6_122618000_122619000	chr6_122820000_122821000	0	141	-202000	3	-0.0253727663551402
chr6_122626000_122627000	chr6_122820000_122821000	0	141	-194000	3	-0.0253727663551402
chr6_122664000_122665000	chr6_122820000_122821000	0	141	-156000	3	-0.0253727663551402
chr6_122666000_122667000	chr6_122820000_122821000	0	141	-154000	3	-0.0253727663551402
chr6_122698000_122699000	chr6_122820000_122821000	0	141	-122000	3	-0.0253727663551402
chr6_122703000_122704000	chr6_122820000_122821000	0	141	-117000	3	-0.0253727663551402
chr6_122708000_122709000	chr6_122820000_122821000	0	141	-112000	3	-0.0253727663551402
chr6_122734000_122735000	chr6_122820000_122821000	0	141	-86000	3	-0.0253727663551402
chr6_122762000_122763000	chr6_122820000_122821000	0	141	-58000	3	-0.0253727663551402
chr6_122763000_122764000	chr6_122820000_122821000	0	141	-57000	3	-0.0253727663551402
chr6_122765000_122766000	chr6_122820000_122821000	0	141	-55000	3	-0.0253727663551402
chr6_122766000_122767000	chr6_122820000_122821000	0	141	-54000	3	-0.0253727663551402
chr6_122780000_122781000	chr6_122820000_122821000	0	141	-40000	3	-0.0253727663551402
chr6_122989000_122990000	chr6_122820000_122821000	0	141	169000	3	-0.0253727663551402
chr6_123005000_123006000	chr6_122820000_122821000	0	141	185000	3	-0.0253727663551402
chr6_123328000_123329000	chr6_122820000_122821000	0	141	508000	3	-0.0253727663551402
chr6_123647000_123648000	chr6_122820000_122821000	0	141	827000	3	-0.0253727663551402
chr6_123784000_123785000	chr6_122820000_122821000	0	141	964000	3	-0.0253727663551402
chr6_123793000_123794000	chr6_122820000_122821000	0	141	973000	3	-0.0253727663551402
chr6_123818000_123819000	chr6_122820000_122821000	0	141	998000	3	-0.0253727663551402
chr6_122770000_122771000	chr6_122820000_122821000	0	141	-50000	3	-0.0253727663551402
chr6_122632000_122633000	chr6_122820000_122821000	-0.000161	156	-188000	3	-0.0253727663551402
chr6_122812000_122813000	chr6_122820000_122821000	-0.002202	157	-8000	3	-0.0253727663551402
chr6_122600000_122601000	chr6_122820000_122821000	-0.002958	158	-220000	3	-0.0253727663551402
chr6_122892000_122893000	chr6_122820000_122821000	-0.003508	159	72000	3	-0.0253727663551402
chr6_122653000_122654000	chr6_122820000_122821000	-0.007756	160	-167000	3	-0.0253727663551402
chr6_122565000_122566000	chr6_122820000_122821000	-0.009677	161	-255000	3	-0.0253727663551402
chr6_122802000_122803000	chr6_122820000_122821000	-0.010149	162	-18000	3	-0.0253727663551402
chr6_122624000_122625000	chr6_122820000_122821000	-0.010722	163	-196000	3	-0.0253727663551402
chr6_122305000_122306000	chr6_122820000_122821000	-0.011148	164	-515000	3	-0.0253727663551402
chr6_122602000_122603000	chr6_122820000_122821000	-0.012757	165	-218000	3	-0.0253727663551402
chr6_123646000_123647000	chr6_122820000_122821000	-0.013682	166	826000	3	-0.0253727663551402
chr6_122297000_122298000	chr6_122820000_122821000	-0.0153	167	-523000	3	-0.0253727663551402
chr6_122636000_122637000	chr6_122820000_122821000	-0.020121	168	-184000	3	-0.0253727663551402
chr6_122321000_122322000	chr6_122820000_122821000	-0.020735	169	-499000	3	-0.0253727663551402
chr6_122728000_122729000	chr6_122820000_122821000	-0.024451	170	-92000	3	-0.0253727663551402
chr6_122771000_122772000	chr6_122820000_122821000	-0.025227	171	-49000	3	-0.0253727663551402
chr6_122562000_122563000	chr6_122820000_122821000	-0.027277	172	-258000	3	-0.0253727663551402
chr6_122345000_122346000	chr6_122820000_122821000	-0.028571	182	-475000	3	-0.0253727663551402
chr6_122707000_122708000	chr6_122820000_122821000	-0.028571	182	-113000	3	-0.0253727663551402
chr6_123785000_123786000	chr6_122820000_122821000	-0.028571	182	965000	3	-0.0253727663551402
chr6_122341000_122342000	chr6_122820000_122821000	-0.028571	182	-479000	3	-0.0253727663551402
chr6_122882000_122883000	chr6_122820000_122821000	-0.028571	182	62000	3	-0.0253727663551402
chr6_122935000_122936000	chr6_122820000_122821000	-0.028571	182	115000	3	-0.0253727663551402
chr6_122369000_122370000	chr6_122820000_122821000	-0.028571	182	-451000	3	-0.0253727663551402
chr6_122570000_122571000	chr6_122820000_122821000	-0.028571	182	-250000	3	-0.0253727663551402
chr6_122591000_122592000	chr6_122820000_122821000	-0.028571	182	-229000	3	-0.0253727663551402
chr6_122625000_122626000	chr6_122820000_122821000	-0.028571	182	-195000	3	-0.0253727663551402
chr6_122640000_122641000	chr6_122820000_122821000	-0.028571	182	-180000	3	-0.0253727663551402
chr6_122716000_122717000	chr6_122820000_122821000	-0.028571	182	-104000	3	-0.0253727663551402
chr6_122870000_122871000	chr6_122820000_122821000	-0.028571	182	50000	3	-0.0253727663551402
chr6_122883000_122884000	chr6_122820000_122821000	-0.028571	182	63000	3	-0.0253727663551402
chr6_122323000_122324000	chr6_122820000_122821000	-0.028571	182	-497000	3	-0.0253727663551402
chr6_122523000_122524000	chr6_122820000_122821000	-0.028571	182	-297000	3	-0.0253727663551402
chr6_122605000_122606000	chr6_122820000_122821000	-0.028571	182	-215000	3	-0.0253727663551402
chr6_122715000_122716000	chr6_122820000_122821000	-0.028571	182	-105000	3	-0.0253727663551402
chr6_122730000_122731000	chr6_122820000_122821000	-0.028571	182	-90000	3	-0.0253727663551402
chr6_123340000_123341000	chr6_122820000_122821000	-0.030652	192	520000	3	-0.0253727663551402
chr6_122737000_122738000	chr6_122820000_122821000	-0.03132	193	-83000	3	-0.0253727663551402
chr6_122663000_122664000	chr6_122820000_122821000	-0.033766	194	-157000	3	-0.0253727663551402
chr6_122760000_122761000	chr6_122820000_122821000	-0.03463	195	-60000	3	-0.0253727663551402
chr6_122298000_122299000	chr6_122820000_122821000	-0.034966	196	-522000	3	-0.0253727663551402
chr6_123696000_123697000	chr6_122820000_122821000	-0.037478	197	876000	3	-0.0253727663551402
chr6_122825000_122826000	chr6_122820000_122821000	-0.040368	198	5000	3	-0.0253727663551402
chr6_122782000_122783000	chr6_122820000_122821000	-0.040633	199	-38000	3	-0.0253727663551402
chr6_122607000_122608000	chr6_122820000_122821000	-0.046497	200	-213000	3	-0.0253727663551402
chr6_123004000_123005000	chr6_122820000_122821000	-0.053277	201	184000	3	-0.0253727663551402
chr6_122334000_122335000	chr6_122820000_122821000	-0.054495	202	-486000	3	-0.0253727663551402
chr6_122513000_122514000	chr6_122820000_122821000	-0.056794	203	-307000	3	-0.0253727663551402
chr6_122343000_122344000	chr6_122820000_122821000	-0.057143	206.5	-477000	3	-0.0253727663551402
chr6_122709000_122710000	chr6_122820000_122821000	-0.057143	206.5	-111000	3	-0.0253727663551402
chr6_122856000_122857000	chr6_122820000_122821000	-0.057143	206.5	36000	3	-0.0253727663551402
chr6_123795000_123796000	chr6_122820000_122821000	-0.057143	206.5	975000	3	-0.0253727663551402
chr6_122759000_122760000	chr6_122820000_122821000	-0.057143	206.5	-61000	3	-0.0253727663551402
chr6_122463000_122464000	chr6_122820000_122821000	-0.057143	206.5	-357000	3	-0.0253727663551402
chr6_122338000_122339000	chr6_122820000_122821000	-0.057333	210	-482000	3	-0.0253727663551402
chr6_122328000_122329000	chr6_122820000_122821000	-0.059237	211	-492000	3	-0.0253727663551402
chr6_122769000_122770000	chr6_122820000_122821000	-0.063399	212	-51000	3	-0.0253727663551402
chr6_122317000_122318000	chr6_122820000_122821000	-0.063561	213	-503000	3	-0.0253727663551402
chr6_122471000_122472000	chr6_122820000_122821000	-0.065213	214	-349000	3	-0.0253727663551402
chr6_122561000_122562000	chr6_122820000_122821000	-0.069265	215	-259000	3	-0.0253727663551402
chr6_122439000_122440000	chr6_122820000_122821000	-0.069445	216	-381000	3	-0.0253727663551402
chr6_122314000_122315000	chr6_122820000_122821000	-0.08116	217	-506000	3	-0.0253727663551402
chr6_122833000_122834000	chr6_122820000_122821000	-0.085543	218	13000	3	-0.0253727663551402
chr6_122661000_122662000	chr6_122820000_122821000	-0.085714	219.5	-159000	3	-0.0253727663551402
chr6_122347000_122348000	chr6_122820000_122821000	-0.085714	219.5	-473000	3	-0.0253727663551402
chr6_122485000_122486000	chr6_122820000_122821000	-0.086658	221	-335000	3	-0.0253727663551402
chr6_122486000_122487000	chr6_122820000_122821000	-0.092591	222	-334000	3	-0.0253727663551402
chr6_122340000_122341000	chr6_122820000_122821000	-0.108647	223	-480000	3	-0.0253727663551402
chr6_122322000_122323000	chr6_122820000_122821000	-0.127991	224	-498000	3	-0.0253727663551402
