interact_region	promoter_region	pred	RF_rank	distance	kmeans	clustmean
chr6_122606000_122607000	chr6_122626000_122627000	0.407462	1	-20000	1	0.1859758
chr6_122716000_122717000	chr6_122626000_122627000	0.263003	2	90000	1	0.1859758
chr6_122313000_122314000	chr6_122626000_122627000	0.243247	3	-313000	1	0.1859758
chr6_122487000_122488000	chr6_122626000_122627000	0.238676	4	-139000	1	0.1859758
chr6_122316000_122317000	chr6_122626000_122627000	0.234815	5	-310000	1	0.1859758
chr6_122715000_122716000	chr6_122626000_122627000	0.219439	6	89000	1	0.1859758
chr6_122343000_122344000	chr6_122626000_122627000	0.206396	7	-283000	1	0.1859758
chr6_122609000_122610000	chr6_122626000_122627000	0.205274	8	-17000	1	0.1859758
chr6_122486000_122487000	chr6_122626000_122627000	0.201147	9	-140000	1	0.1859758
chr6_122762000_122763000	chr6_122626000_122627000	0.194358	10	136000	1	0.1859758
chr6_122126000_122127000	chr6_122626000_122627000	0.191851	11	-500000	1	0.1859758
chr6_122731000_122732000	chr6_122626000_122627000	0.178021	12	105000	1	0.1859758
chr6_122523000_122524000	chr6_122626000_122627000	0.177422	13	-103000	1	0.1859758
chr6_122471000_122472000	chr6_122626000_122627000	0.17511	14	-155000	1	0.1859758
chr6_122317000_122318000	chr6_122626000_122627000	0.171219	15	-309000	1	0.1859758
chr6_122607000_122608000	chr6_122626000_122627000	0.169618	16	-19000	1	0.1859758
chr6_122729000_122730000	chr6_122626000_122627000	0.165226	17	103000	1	0.1859758
chr6_122763000_122764000	chr6_122626000_122627000	0.163017	18	137000	1	0.1859758
chr6_122391000_122392000	chr6_122626000_122627000	0.159549	19	-235000	1	0.1859758
chr6_122624000_122625000	chr6_122626000_122627000	0.156711	20	-2000	1	0.1859758
chr6_122314000_122315000	chr6_122626000_122627000	0.15408	21	-312000	1	0.1859758
chr6_122741000_122742000	chr6_122626000_122627000	0.15182	22	115000	1	0.1859758
chr6_122605000_122606000	chr6_122626000_122627000	0.148944	23	-21000	1	0.1859758
chr6_122378000_122379000	chr6_122626000_122627000	0.148641	24	-248000	1	0.1859758
chr6_122734000_122735000	chr6_122626000_122627000	0.148354	25	108000	1	0.1859758
chr6_122329000_122330000	chr6_122626000_122627000	0.146647	26	-297000	1	0.1859758
chr6_122347000_122348000	chr6_122626000_122627000	0.144808	27	-279000	1	0.1859758
chr6_122312000_122313000	chr6_122626000_122627000	0.142881	28	-314000	1	0.1859758
chr6_122298000_122299000	chr6_122626000_122627000	0.136088	29	-328000	1	0.1859758
chr6_122661000_122662000	chr6_122626000_122627000	0.13545	30	35000	1	0.1859758
chr6_122295000_122296000	chr6_122626000_122627000	0.127891	31	-331000	2	0.0811767428571429
chr6_122323000_122324000	chr6_122626000_122627000	0.127098	32	-303000	2	0.0811767428571429
chr6_122321000_122322000	chr6_122626000_122627000	0.126754	33	-305000	2	0.0811767428571429
chr6_122627000_122628000	chr6_122626000_122627000	0.125082	34	1000	2	0.0811767428571429
chr6_122528000_122529000	chr6_122626000_122627000	0.12497	35	-98000	2	0.0811767428571429
chr6_122712000_122713000	chr6_122626000_122627000	0.122764	36	86000	2	0.0811767428571429
chr6_123327000_123328000	chr6_122626000_122627000	0.120272	37	701000	2	0.0811767428571429
chr6_122305000_122306000	chr6_122626000_122627000	0.120003	38	-321000	2	0.0811767428571429
chr6_122439000_122440000	chr6_122626000_122627000	0.118395	39	-187000	2	0.0811767428571429
chr6_122686000_122687000	chr6_122626000_122627000	0.118347	40	60000	2	0.0811767428571429
chr6_122732000_122733000	chr6_122626000_122627000	0.117079	41	106000	2	0.0811767428571429
chr6_122393000_122394000	chr6_122626000_122627000	0.116562	42	-233000	2	0.0811767428571429
chr6_122617000_122618000	chr6_122626000_122627000	0.114352	43	-9000	2	0.0811767428571429
chr6_122521000_122522000	chr6_122626000_122627000	0.114156	44	-105000	2	0.0811767428571429
chr6_122522000_122523000	chr6_122626000_122627000	0.112888	45	-104000	2	0.0811767428571429
chr6_122315000_122316000	chr6_122626000_122627000	0.108829	46	-311000	2	0.0811767428571429
chr6_122356000_122357000	chr6_122626000_122627000	0.106162	47	-270000	2	0.0811767428571429
chr6_122335000_122336000	chr6_122626000_122627000	0.105322	48	-291000	2	0.0811767428571429
chr6_122640000_122641000	chr6_122626000_122627000	0.103991	49	14000	2	0.0811767428571429
chr6_122533000_122534000	chr6_122626000_122627000	0.099628	50	-93000	2	0.0811767428571429
chr6_122730000_122731000	chr6_122626000_122627000	0.099564	51	104000	2	0.0811767428571429
chr6_122328000_122329000	chr6_122626000_122627000	0.096719	52	-298000	2	0.0811767428571429
chr6_122769000_122770000	chr6_122626000_122627000	0.094366	53	143000	2	0.0811767428571429
chr6_122334000_122335000	chr6_122626000_122627000	0.093563	54	-292000	2	0.0811767428571429
chr6_122696000_122697000	chr6_122626000_122627000	0.092789	55	70000	2	0.0811767428571429
chr6_122828000_122829000	chr6_122626000_122627000	0.092488	56	202000	2	0.0811767428571429
chr6_122653000_122654000	chr6_122626000_122627000	0.088463	57	27000	2	0.0811767428571429
chr6_122735000_122736000	chr6_122626000_122627000	0.086553	58	109000	2	0.0811767428571429
chr6_122632000_122633000	chr6_122626000_122627000	0.085613	59	6000	2	0.0811767428571429
chr6_122768000_122769000	chr6_122626000_122627000	0.084808	60	142000	2	0.0811767428571429
chr6_122340000_122341000	chr6_122626000_122627000	0.083903	61	-286000	2	0.0811767428571429
chr6_122600000_122601000	chr6_122626000_122627000	0.08271	62	-26000	2	0.0811767428571429
chr6_122636000_122637000	chr6_122626000_122627000	0.08243	63	10000	2	0.0811767428571429
chr6_122744000_122745000	chr6_122626000_122627000	0.081059	64	118000	2	0.0811767428571429
chr6_122670000_122671000	chr6_122626000_122627000	0.077413	65	44000	2	0.0811767428571429
chr6_123332000_123333000	chr6_122626000_122627000	0.077269	66	706000	2	0.0811767428571429
chr6_122318000_122319000	chr6_122626000_122627000	0.070899	67	-308000	2	0.0811767428571429
chr6_122336000_122337000	chr6_122626000_122627000	0.070165	68	-290000	2	0.0811767428571429
chr6_122505000_122506000	chr6_122626000_122627000	0.069193	69	-121000	2	0.0811767428571429
chr6_122258000_122259000	chr6_122626000_122627000	0.068885	70	-368000	2	0.0811767428571429
chr6_122935000_122936000	chr6_122626000_122627000	0.068818	71	309000	2	0.0811767428571429
chr6_122491000_122492000	chr6_122626000_122627000	0.06853	72	-135000	2	0.0811767428571429
chr6_122485000_122486000	chr6_122626000_122627000	0.067519	73	-141000	2	0.0811767428571429
chr6_122598000_122599000	chr6_122626000_122627000	0.067517	74	-28000	2	0.0811767428571429
chr6_122713000_122714000	chr6_122626000_122627000	0.066201	75	87000	2	0.0811767428571429
chr6_122308000_122309000	chr6_122626000_122627000	0.061018	76	-318000	2	0.0811767428571429
chr6_122319000_122320000	chr6_122626000_122627000	0.060356	77	-307000	2	0.0811767428571429
chr6_122345000_122346000	chr6_122626000_122627000	0.059114	78	-281000	2	0.0811767428571429
chr6_122892000_122893000	chr6_122626000_122627000	0.058958	79	266000	2	0.0811767428571429
chr6_122708000_122709000	chr6_122626000_122627000	0.058724	80	82000	2	0.0811767428571429
chr6_122706000_122707000	chr6_122626000_122627000	0.057576	81	80000	2	0.0811767428571429
chr6_122785000_122786000	chr6_122626000_122627000	0.057273	82	159000	2	0.0811767428571429
chr6_122593000_122594000	chr6_122626000_122627000	0.057241	83	-33000	2	0.0811767428571429
chr6_122989000_122990000	chr6_122626000_122627000	0.057143	86.5	363000	2	0.0811767428571429
chr6_122545000_122546000	chr6_122626000_122627000	0.057143	86.5	-81000	2	0.0811767428571429
chr6_122561000_122562000	chr6_122626000_122627000	0.057143	86.5	-65000	2	0.0811767428571429
chr6_122745000_122746000	chr6_122626000_122627000	0.057143	86.5	119000	2	0.0811767428571429
chr6_122784000_122785000	chr6_122626000_122627000	0.057143	86.5	158000	2	0.0811767428571429
chr6_122726000_122727000	chr6_122626000_122627000	0.057143	86.5	100000	2	0.0811767428571429
chr6_122304000_122305000	chr6_122626000_122627000	0.055976	90	-322000	2	0.0811767428571429
chr6_122614000_122615000	chr6_122626000_122627000	0.054003	91	-12000	2	0.0811767428571429
chr6_122698000_122699000	chr6_122626000_122627000	0.051062	92	72000	2	0.0811767428571429
chr6_121636000_121637000	chr6_122626000_122627000	0.050263	93	-990000	2	0.0811767428571429
chr6_122758000_122759000	chr6_122626000_122627000	0.049361	94	132000	2	0.0811767428571429
chr6_122610000_122611000	chr6_122626000_122627000	0.046651	95	-16000	2	0.0811767428571429
chr6_122664000_122665000	chr6_122626000_122627000	0.045367	96	38000	2	0.0811767428571429
chr6_122341000_122342000	chr6_122626000_122627000	0.044845	97	-285000	2	0.0811767428571429
chr6_122297000_122298000	chr6_122626000_122627000	0.044093	98	-329000	2	0.0811767428571429
chr6_122690000_122691000	chr6_122626000_122627000	0.040156	99	64000	2	0.0811767428571429
chr6_122333000_122334000	chr6_122626000_122627000	0.039495	100	-293000	2	0.0811767428571429
chr6_122368000_122369000	chr6_122626000_122627000	0.037381	101	-258000	3	-0.00267927192982458
chr6_123328000_123329000	chr6_122626000_122627000	0.029215	102	702000	3	-0.00267927192982458
chr6_122513000_122514000	chr6_122626000_122627000	0.029132	103	-113000	3	-0.00267927192982458
chr6_122660000_122661000	chr6_122626000_122627000	0.028672	104	34000	3	-0.00267927192982458
chr6_122618000_122619000	chr6_122626000_122627000	0.028571	114	-8000	3	-0.00267927192982458
chr6_122771000_122772000	chr6_122626000_122627000	0.028571	114	145000	3	-0.00267927192982458
chr6_122320000_122321000	chr6_122626000_122627000	0.028571	114	-306000	3	-0.00267927192982458
chr6_122571000_122572000	chr6_122626000_122627000	0.028571	114	-55000	3	-0.00267927192982458
chr6_122702000_122703000	chr6_122626000_122627000	0.028571	114	76000	3	-0.00267927192982458
chr6_122719000_122720000	chr6_122626000_122627000	0.028571	114	93000	3	-0.00267927192982458
chr6_122759000_122760000	chr6_122626000_122627000	0.028571	114	133000	3	-0.00267927192982458
chr6_122833000_122834000	chr6_122626000_122627000	0.028571	114	207000	3	-0.00267927192982458
chr6_122495000_122496000	chr6_122626000_122627000	0.028571	114	-131000	3	-0.00267927192982458
chr6_122554000_122555000	chr6_122626000_122627000	0.028571	114	-72000	3	-0.00267927192982458
chr6_122557000_122558000	chr6_122626000_122627000	0.028571	114	-69000	3	-0.00267927192982458
chr6_122667000_122668000	chr6_122626000_122627000	0.028571	114	41000	3	-0.00267927192982458
chr6_122699000_122700000	chr6_122626000_122627000	0.028571	114	73000	3	-0.00267927192982458
chr6_122494000_122495000	chr6_122626000_122627000	0.028571	114	-132000	3	-0.00267927192982458
chr6_122635000_122636000	chr6_122626000_122627000	0.028571	114	9000	3	-0.00267927192982458
chr6_122767000_122768000	chr6_122626000_122627000	0.028571	114	141000	3	-0.00267927192982458
chr6_122821000_122822000	chr6_122626000_122627000	0.028571	114	195000	3	-0.00267927192982458
chr6_123340000_123341000	chr6_122626000_122627000	0.028571	114	714000	3	-0.00267927192982458
chr6_122766000_122767000	chr6_122626000_122627000	0.028571	114	140000	3	-0.00267927192982458
chr6_122709000_122710000	chr6_122626000_122627000	0.028524	124	83000	3	-0.00267927192982458
chr6_122628000_122629000	chr6_122626000_122627000	0.028262	125	2000	3	-0.00267927192982458
chr6_122496000_122497000	chr6_122626000_122627000	0.027627	126	-130000	3	-0.00267927192982458
chr6_122365000_122366000	chr6_122626000_122627000	0.027565	127	-261000	3	-0.00267927192982458
chr6_122322000_122323000	chr6_122626000_122627000	0.026909	128	-304000	3	-0.00267927192982458
chr6_122346000_122347000	chr6_122626000_122627000	0.026106	129	-280000	3	-0.00267927192982458
chr6_122344000_122345000	chr6_122626000_122627000	0.024382	130	-282000	3	-0.00267927192982458
chr6_123138000_123139000	chr6_122626000_122627000	0.023935	131	512000	3	-0.00267927192982458
chr6_122325000_122326000	chr6_122626000_122627000	0.021366	132	-301000	3	-0.00267927192982458
chr6_122694000_122695000	chr6_122626000_122627000	0.018557	133	68000	3	-0.00267927192982458
chr6_122469000_122470000	chr6_122626000_122627000	0.016087	134	-157000	3	-0.00267927192982458
chr6_122820000_122821000	chr6_122626000_122627000	0.01581	135	194000	3	-0.00267927192982458
chr6_122337000_122338000	chr6_122626000_122627000	0.013947	136	-289000	3	-0.00267927192982458
chr6_122369000_122370000	chr6_122626000_122627000	0.013334	137	-257000	3	-0.00267927192982458
chr6_122743000_122744000	chr6_122626000_122627000	0.011238	138	117000	3	-0.00267927192982458
chr6_122342000_122343000	chr6_122626000_122627000	0.008834	139	-284000	3	-0.00267927192982458
chr6_122367000_122368000	chr6_122626000_122627000	0.006208	140	-259000	3	-0.00267927192982458
chr6_122259000_122260000	chr6_122626000_122627000	0.004369	141	-367000	3	-0.00267927192982458
chr6_122355000_122356000	chr6_122626000_122627000	0.00399	142	-271000	3	-0.00267927192982458
chr6_122663000_122664000	chr6_122626000_122627000	0.001578	143	37000	3	-0.00267927192982458
chr6_122331000_122332000	chr6_122626000_122627000	0.001461	144	-295000	3	-0.00267927192982458
chr6_122309000_122310000	chr6_122626000_122627000	0	161	-317000	3	-0.00267927192982458
chr6_122531000_122532000	chr6_122626000_122627000	0	161	-95000	3	-0.00267927192982458
chr6_122532000_122533000	chr6_122626000_122627000	0	161	-94000	3	-0.00267927192982458
chr6_122546000_122547000	chr6_122626000_122627000	0	161	-80000	3	-0.00267927192982458
chr6_122553000_122554000	chr6_122626000_122627000	0	161	-73000	3	-0.00267927192982458
chr6_122560000_122561000	chr6_122626000_122627000	0	161	-66000	3	-0.00267927192982458
chr6_122570000_122571000	chr6_122626000_122627000	0	161	-56000	3	-0.00267927192982458
chr6_122602000_122603000	chr6_122626000_122627000	0	161	-24000	3	-0.00267927192982458
chr6_122666000_122667000	chr6_122626000_122627000	0	161	40000	3	-0.00267927192982458
chr6_122689000_122690000	chr6_122626000_122627000	0	161	63000	3	-0.00267927192982458
chr6_122707000_122708000	chr6_122626000_122627000	0	161	81000	3	-0.00267927192982458
chr6_122720000_122721000	chr6_122626000_122627000	0	161	94000	3	-0.00267927192982458
chr6_122727000_122728000	chr6_122626000_122627000	0	161	101000	3	-0.00267927192982458
chr6_122740000_122741000	chr6_122626000_122627000	0	161	114000	3	-0.00267927192982458
chr6_122742000_122743000	chr6_122626000_122627000	0	161	116000	3	-0.00267927192982458
chr6_122764000_122765000	chr6_122626000_122627000	0	161	138000	3	-0.00267927192982458
chr6_122765000_122766000	chr6_122626000_122627000	0	161	139000	3	-0.00267927192982458
chr6_122780000_122781000	chr6_122626000_122627000	0	161	154000	3	-0.00267927192982458
chr6_122782000_122783000	chr6_122626000_122627000	0	161	156000	3	-0.00267927192982458
chr6_122786000_122787000	chr6_122626000_122627000	0	161	160000	3	-0.00267927192982458
chr6_122801000_122802000	chr6_122626000_122627000	0	161	175000	3	-0.00267927192982458
chr6_122802000_122803000	chr6_122626000_122627000	0	161	176000	3	-0.00267927192982458
chr6_122804000_122805000	chr6_122626000_122627000	0	161	178000	3	-0.00267927192982458
chr6_122810000_122811000	chr6_122626000_122627000	0	161	184000	3	-0.00267927192982458
chr6_122811000_122812000	chr6_122626000_122627000	0	161	185000	3	-0.00267927192982458
chr6_122819000_122820000	chr6_122626000_122627000	0	161	193000	3	-0.00267927192982458
chr6_122826000_122827000	chr6_122626000_122627000	0	161	200000	3	-0.00267927192982458
chr6_122834000_122835000	chr6_122626000_122627000	0	161	208000	3	-0.00267927192982458
chr6_122869000_122870000	chr6_122626000_122627000	0	161	243000	3	-0.00267927192982458
chr6_122870000_122871000	chr6_122626000_122627000	0	161	244000	3	-0.00267927192982458
chr6_122875000_122876000	chr6_122626000_122627000	0	161	249000	3	-0.00267927192982458
chr6_122883000_122884000	chr6_122626000_122627000	0	161	257000	3	-0.00267927192982458
chr6_123004000_123005000	chr6_122626000_122627000	0	161	378000	3	-0.00267927192982458
chr6_122770000_122771000	chr6_122626000_122627000	-0.000004	178	144000	3	-0.00267927192982458
chr6_123005000_123006000	chr6_122626000_122627000	-0.001886	179	379000	3	-0.00267927192982458
chr6_122392000_122393000	chr6_122626000_122627000	-0.003916	180	-234000	3	-0.00267927192982458
chr6_122728000_122729000	chr6_122626000_122627000	-0.017356	181	102000	3	-0.00267927192982458
chr6_122739000_122740000	chr6_122626000_122627000	-0.025287	182	113000	3	-0.00267927192982458
chr6_122338000_122339000	chr6_122626000_122627000	-0.028571	192	-288000	3	-0.00267927192982458
chr6_122659000_122660000	chr6_122626000_122627000	-0.028571	192	33000	3	-0.00267927192982458
chr6_122737000_122738000	chr6_122626000_122627000	-0.028571	192	111000	3	-0.00267927192982458
chr6_123137000_123138000	chr6_122626000_122627000	-0.028571	192	511000	3	-0.00267927192982458
chr6_122366000_122367000	chr6_122626000_122627000	-0.028571	192	-260000	3	-0.00267927192982458
chr6_122463000_122464000	chr6_122626000_122627000	-0.028571	192	-163000	3	-0.00267927192982458
chr6_122565000_122566000	chr6_122626000_122627000	-0.028571	192	-61000	3	-0.00267927192982458
chr6_122633000_122634000	chr6_122626000_122627000	-0.028571	192	7000	3	-0.00267927192982458
chr6_122669000_122670000	chr6_122626000_122627000	-0.028571	192	43000	3	-0.00267927192982458
chr6_122760000_122761000	chr6_122626000_122627000	-0.028571	192	134000	3	-0.00267927192982458
chr6_122772000_122773000	chr6_122626000_122627000	-0.028571	192	146000	3	-0.00267927192982458
chr6_122795000_122796000	chr6_122626000_122627000	-0.028571	192	169000	3	-0.00267927192982458
chr6_122812000_122813000	chr6_122626000_122627000	-0.028571	192	186000	3	-0.00267927192982458
chr6_122856000_122857000	chr6_122626000_122627000	-0.028571	192	230000	3	-0.00267927192982458
chr6_122662000_122663000	chr6_122626000_122627000	-0.028571	192	36000	3	-0.00267927192982458
chr6_122874000_122875000	chr6_122626000_122627000	-0.028571	192	248000	3	-0.00267927192982458
chr6_122310000_122311000	chr6_122626000_122627000	-0.028571	192	-316000	3	-0.00267927192982458
chr6_122761000_122762000	chr6_122626000_122627000	-0.028571	192	135000	3	-0.00267927192982458
chr6_122825000_122826000	chr6_122626000_122627000	-0.028571	192	199000	3	-0.00267927192982458
chr6_122595000_122596000	chr6_122626000_122627000	-0.029077	202	-31000	3	-0.00267927192982458
chr6_122591000_122592000	chr6_122626000_122627000	-0.037591	203	-35000	3	-0.00267927192982458
chr6_122625000_122626000	chr6_122626000_122627000	-0.041924	204	-1000	3	-0.00267927192982458
chr6_122703000_122704000	chr6_122626000_122627000	-0.049536	205	77000	3	-0.00267927192982458
chr6_122882000_122883000	chr6_122626000_122627000	-0.053988	206	256000	3	-0.00267927192982458
chr6_122562000_122563000	chr6_122626000_122627000	-0.057143	208.5	-64000	3	-0.00267927192982458
chr6_122824000_122825000	chr6_122626000_122627000	-0.057143	208.5	198000	3	-0.00267927192982458
chr6_122402000_122403000	chr6_122626000_122627000	-0.057143	208.5	-224000	3	-0.00267927192982458
chr6_122608000_122609000	chr6_122626000_122627000	-0.057143	208.5	-18000	3	-0.00267927192982458
chr6_122773000_122774000	chr6_122626000_122627000	-0.058351	211	147000	3	-0.00267927192982458
chr6_122492000_122493000	chr6_122626000_122627000	-0.061217	212	-134000	3	-0.00267927192982458
chr6_122339000_122340000	chr6_122626000_122627000	-0.069376	213	-287000	3	-0.00267927192982458
chr6_122332000_122333000	chr6_122626000_122627000	-0.101845	214	-294000	3	-0.00267927192982458
