interact_region	promoter_region	pred	RF_rank	distance	kmeans	clustmean
chr6_122735000_122736000	chr6_122780000_122781000	0.297612	1	-45000	1	0.197397227272727
chr6_122730000_122731000	chr6_122780000_122781000	0.295816	2	-50000	1	0.197397227272727
chr6_122708000_122709000	chr6_122780000_122781000	0.291742	3	-72000	1	0.197397227272727
chr6_122731000_122732000	chr6_122780000_122781000	0.268324	4	-49000	1	0.197397227272727
chr6_122729000_122730000	chr6_122780000_122781000	0.220508	5	-51000	1	0.197397227272727
chr6_122726000_122727000	chr6_122780000_122781000	0.220472	6	-54000	1	0.197397227272727
chr6_122734000_122735000	chr6_122780000_122781000	0.217994	7	-46000	1	0.197397227272727
chr6_122486000_122487000	chr6_122780000_122781000	0.211346	8	-294000	1	0.197397227272727
chr6_122785000_122786000	chr6_122780000_122781000	0.209191	9	5000	1	0.197397227272727
chr6_122607000_122608000	chr6_122780000_122781000	0.206635	10	-173000	1	0.197397227272727
chr6_122321000_122322000	chr6_122780000_122781000	0.193156	11	-459000	1	0.197397227272727
chr6_122728000_122729000	chr6_122780000_122781000	0.180665	12	-52000	1	0.197397227272727
chr6_122322000_122323000	chr6_122780000_122781000	0.17929	13	-458000	1	0.197397227272727
chr6_122772000_122773000	chr6_122780000_122781000	0.171656	14	-8000	1	0.197397227272727
chr6_122314000_122315000	chr6_122780000_122781000	0.166071	15	-466000	1	0.197397227272727
chr6_122727000_122728000	chr6_122780000_122781000	0.155238	16	-53000	1	0.197397227272727
chr6_122523000_122524000	chr6_122780000_122781000	0.154968	17	-257000	1	0.197397227272727
chr6_122742000_122743000	chr6_122780000_122781000	0.151562	18	-38000	1	0.197397227272727
chr6_122632000_122633000	chr6_122780000_122781000	0.142895	19	-148000	1	0.197397227272727
chr6_122463000_122464000	chr6_122780000_122781000	0.13807	20	-317000	1	0.197397227272727
chr6_122298000_122299000	chr6_122780000_122781000	0.135662	21	-482000	1	0.197397227272727
chr6_122320000_122321000	chr6_122780000_122781000	0.133866	22	-460000	1	0.197397227272727
chr6_122771000_122772000	chr6_122780000_122781000	0.130268	23	-9000	2	0.0664856701030928
chr6_122492000_122493000	chr6_122780000_122781000	0.126728	24	-288000	2	0.0664856701030928
chr6_122313000_122314000	chr6_122780000_122781000	0.125571	25	-467000	2	0.0664856701030928
chr6_122737000_122738000	chr6_122780000_122781000	0.125336	26	-43000	2	0.0664856701030928
chr6_122533000_122534000	chr6_122780000_122781000	0.12372	27	-247000	2	0.0664856701030928
chr6_122329000_122330000	chr6_122780000_122781000	0.117638	28	-451000	2	0.0664856701030928
chr6_122698000_122699000	chr6_122780000_122781000	0.116517	29	-82000	2	0.0664856701030928
chr6_122393000_122394000	chr6_122780000_122781000	0.115835	30	-387000	2	0.0664856701030928
chr6_122767000_122768000	chr6_122780000_122781000	0.114652	31	-13000	2	0.0664856701030928
chr6_122763000_122764000	chr6_122780000_122781000	0.11438	32	-17000	2	0.0664856701030928
chr6_122325000_122326000	chr6_122780000_122781000	0.114234	33	-455000	2	0.0664856701030928
chr6_122786000_122787000	chr6_122780000_122781000	0.112654	34	6000	2	0.0664856701030928
chr6_122591000_122592000	chr6_122780000_122781000	0.109688	35	-189000	2	0.0664856701030928
chr6_122744000_122745000	chr6_122780000_122781000	0.109671	36	-36000	2	0.0664856701030928
chr6_122319000_122320000	chr6_122780000_122781000	0.109048	37	-461000	2	0.0664856701030928
chr6_122522000_122523000	chr6_122780000_122781000	0.107587	38	-258000	2	0.0664856701030928
chr6_123138000_123139000	chr6_122780000_122781000	0.105896	39	358000	2	0.0664856701030928
chr6_122690000_122691000	chr6_122780000_122781000	0.105044	40	-90000	2	0.0664856701030928
chr6_122485000_122486000	chr6_122780000_122781000	0.104296	41	-295000	2	0.0664856701030928
chr6_122315000_122316000	chr6_122780000_122781000	0.103453	42	-465000	2	0.0664856701030928
chr6_122732000_122733000	chr6_122780000_122781000	0.09971	43	-48000	2	0.0664856701030928
chr6_122653000_122654000	chr6_122780000_122781000	0.099692	44	-127000	2	0.0664856701030928
chr6_122126000_122127000	chr6_122780000_122781000	0.099544	45	-654000	2	0.0664856701030928
chr6_122745000_122746000	chr6_122780000_122781000	0.098653	46	-35000	2	0.0664856701030928
chr6_122342000_122343000	chr6_122780000_122781000	0.097726	47	-438000	2	0.0664856701030928
chr6_122553000_122554000	chr6_122780000_122781000	0.097081	48	-227000	2	0.0664856701030928
chr6_122626000_122627000	chr6_122780000_122781000	0.09575	49	-154000	2	0.0664856701030928
chr6_122686000_122687000	chr6_122780000_122781000	0.095228	50	-94000	2	0.0664856701030928
chr6_122703000_122704000	chr6_122780000_122781000	0.093293	51	-77000	2	0.0664856701030928
chr6_123327000_123328000	chr6_122780000_122781000	0.090517	52	547000	2	0.0664856701030928
chr6_122334000_122335000	chr6_122780000_122781000	0.089988	53	-446000	2	0.0664856701030928
chr6_122614000_122615000	chr6_122780000_122781000	0.089367	54	-166000	2	0.0664856701030928
chr6_123004000_123005000	chr6_122780000_122781000	0.086756	55	224000	2	0.0664856701030928
chr6_122784000_122785000	chr6_122780000_122781000	0.085714	56.5	4000	2	0.0664856701030928
chr6_122762000_122763000	chr6_122780000_122781000	0.085714	56.5	-18000	2	0.0664856701030928
chr6_122471000_122472000	chr6_122780000_122781000	0.083209	58	-309000	2	0.0664856701030928
chr6_122355000_122356000	chr6_122780000_122781000	0.079475	59	-425000	2	0.0664856701030928
chr6_122661000_122662000	chr6_122780000_122781000	0.078058	60	-119000	2	0.0664856701030928
chr6_122491000_122492000	chr6_122780000_122781000	0.074187	61	-289000	2	0.0664856701030928
chr6_122617000_122618000	chr6_122780000_122781000	0.073179	62	-163000	2	0.0664856701030928
chr6_122795000_122796000	chr6_122780000_122781000	0.072395	63	15000	2	0.0664856701030928
chr6_122333000_122334000	chr6_122780000_122781000	0.070799	64	-447000	2	0.0664856701030928
chr6_122625000_122626000	chr6_122780000_122781000	0.063312	65	-155000	2	0.0664856701030928
chr6_122666000_122667000	chr6_122780000_122781000	0.062782	66	-114000	2	0.0664856701030928
chr6_122935000_122936000	chr6_122780000_122781000	0.06077	67	155000	2	0.0664856701030928
chr6_122764000_122765000	chr6_122780000_122781000	0.058729	68	-16000	2	0.0664856701030928
chr6_122715000_122716000	chr6_122780000_122781000	0.058586	69	-65000	2	0.0664856701030928
chr6_122875000_122876000	chr6_122780000_122781000	0.057143	73	95000	2	0.0664856701030928
chr6_122740000_122741000	chr6_122780000_122781000	0.057143	73	-40000	2	0.0664856701030928
chr6_122487000_122488000	chr6_122780000_122781000	0.057143	73	-293000	2	0.0664856701030928
chr6_122635000_122636000	chr6_122780000_122781000	0.057143	73	-145000	2	0.0664856701030928
chr6_122743000_122744000	chr6_122780000_122781000	0.057143	73	-37000	2	0.0664856701030928
chr6_122883000_122884000	chr6_122780000_122781000	0.057143	73	103000	2	0.0664856701030928
chr6_122773000_122774000	chr6_122780000_122781000	0.057143	73	-7000	2	0.0664856701030928
chr6_122367000_122368000	chr6_122780000_122781000	0.055062	77	-413000	2	0.0664856701030928
chr6_122739000_122740000	chr6_122780000_122781000	0.053946	78	-41000	2	0.0664856701030928
chr6_122366000_122367000	chr6_122780000_122781000	0.052157	79	-414000	2	0.0664856701030928
chr6_122562000_122563000	chr6_122780000_122781000	0.049964	80	-218000	2	0.0664856701030928
chr6_122833000_122834000	chr6_122780000_122781000	0.047917	81	53000	2	0.0664856701030928
chr6_122699000_122700000	chr6_122780000_122781000	0.04696	82	-81000	2	0.0664856701030928
chr6_122495000_122496000	chr6_122780000_122781000	0.046724	83	-285000	2	0.0664856701030928
chr6_122694000_122695000	chr6_122780000_122781000	0.045523	84	-86000	2	0.0664856701030928
chr6_122297000_122298000	chr6_122780000_122781000	0.0452	85	-483000	2	0.0664856701030928
chr6_122365000_122366000	chr6_122780000_122781000	0.044966	86	-415000	2	0.0664856701030928
chr6_123005000_123006000	chr6_122780000_122781000	0.044932	87	225000	2	0.0664856701030928
chr6_122716000_122717000	chr6_122780000_122781000	0.042788	88	-64000	2	0.0664856701030928
chr6_122305000_122306000	chr6_122780000_122781000	0.038437	89	-475000	2	0.0664856701030928
chr6_123137000_123138000	chr6_122780000_122781000	0.037941	90	357000	2	0.0664856701030928
chr6_122663000_122664000	chr6_122780000_122781000	0.03755	91	-117000	2	0.0664856701030928
chr6_122332000_122333000	chr6_122780000_122781000	0.036354	92	-448000	2	0.0664856701030928
chr6_122761000_122762000	chr6_122780000_122781000	0.034488	93	-19000	2	0.0664856701030928
chr6_122335000_122336000	chr6_122780000_122781000	0.034215	94	-445000	2	0.0664856701030928
chr6_122323000_122324000	chr6_122780000_122781000	0.03398	95	-457000	2	0.0664856701030928
chr6_122605000_122606000	chr6_122780000_122781000	0.033074	96	-175000	2	0.0664856701030928
chr6_122664000_122665000	chr6_122780000_122781000	0.031789	97	-116000	2	0.0664856701030928
chr6_123647000_123648000	chr6_122780000_122781000	0.031436	98	867000	2	0.0664856701030928
chr6_122259000_122260000	chr6_122780000_122781000	0.030633	99	-521000	2	0.0664856701030928
chr6_122439000_122440000	chr6_122780000_122781000	0.030271	100	-341000	2	0.0664856701030928
chr6_122770000_122771000	chr6_122780000_122781000	0.02997	101	-10000	2	0.0664856701030928
chr6_122513000_122514000	chr6_122780000_122781000	0.029692	102	-267000	2	0.0664856701030928
chr6_122402000_122403000	chr6_122780000_122781000	0.029534	103	-378000	2	0.0664856701030928
chr6_122709000_122710000	chr6_122780000_122781000	0.029035	104	-71000	2	0.0664856701030928
chr6_122826000_122827000	chr6_122780000_122781000	0.028918	105	46000	2	0.0664856701030928
chr6_122378000_122379000	chr6_122780000_122781000	0.028832	106	-402000	2	0.0664856701030928
chr6_122627000_122628000	chr6_122780000_122781000	0.028571	111.5	-153000	2	0.0664856701030928
chr6_122720000_122721000	chr6_122780000_122781000	0.028571	111.5	-60000	2	0.0664856701030928
chr6_123696000_123697000	chr6_122780000_122781000	0.028571	111.5	916000	2	0.0664856701030928
chr6_123697000_123698000	chr6_122780000_122781000	0.028571	111.5	917000	2	0.0664856701030928
chr6_122782000_122783000	chr6_122780000_122781000	0.028571	111.5	2000	2	0.0664856701030928
chr6_122819000_122820000	chr6_122780000_122781000	0.028571	111.5	39000	2	0.0664856701030928
chr6_123646000_123647000	chr6_122780000_122781000	0.028571	111.5	866000	2	0.0664856701030928
chr6_122344000_122345000	chr6_122780000_122781000	0.028571	111.5	-436000	2	0.0664856701030928
chr6_122810000_122811000	chr6_122780000_122781000	0.028571	111.5	30000	2	0.0664856701030928
chr6_122989000_122990000	chr6_122780000_122781000	0.028571	111.5	209000	2	0.0664856701030928
chr6_122719000_122720000	chr6_122780000_122781000	0.023202	117	-61000	2	0.0664856701030928
chr6_122316000_122317000	chr6_122780000_122781000	0.023074	118	-464000	2	0.0664856701030928
chr6_122496000_122497000	chr6_122780000_122781000	0.022405	119	-284000	2	0.0664856701030928
chr6_122659000_122660000	chr6_122780000_122781000	0.018914	120	-121000	3	-0.0238736060606061
chr6_122347000_122348000	chr6_122780000_122781000	0.018679	121	-433000	3	-0.0238736060606061
chr6_122882000_122883000	chr6_122780000_122781000	0.018246	122	102000	3	-0.0238736060606061
chr6_122766000_122767000	chr6_122780000_122781000	0.015591	123	-14000	3	-0.0238736060606061
chr6_122341000_122342000	chr6_122780000_122781000	0.015064	124	-439000	3	-0.0238736060606061
chr6_122469000_122470000	chr6_122780000_122781000	0.014405	125	-311000	3	-0.0238736060606061
chr6_122707000_122708000	chr6_122780000_122781000	0.013396	126	-73000	3	-0.0238736060606061
chr6_122318000_122319000	chr6_122780000_122781000	0.012159	127	-462000	3	-0.0238736060606061
chr6_122768000_122769000	chr6_122780000_122781000	0.011979	128	-12000	3	-0.0238736060606061
chr6_122712000_122713000	chr6_122780000_122781000	0.010895	129	-68000	3	-0.0238736060606061
chr6_122670000_122671000	chr6_122780000_122781000	0.007245	130	-110000	3	-0.0238736060606061
chr6_122825000_122826000	chr6_122780000_122781000	0.006143	131	45000	3	-0.0238736060606061
chr6_122258000_122259000	chr6_122780000_122781000	0.002447	132	-522000	3	-0.0238736060606061
chr6_122660000_122661000	chr6_122780000_122781000	0.000712	133	-120000	3	-0.0238736060606061
chr6_122628000_122629000	chr6_122780000_122781000	0	144.5	-152000	3	-0.0238736060606061
chr6_122565000_122566000	chr6_122780000_122781000	0	144.5	-215000	3	-0.0238736060606061
chr6_122571000_122572000	chr6_122780000_122781000	0	144.5	-209000	3	-0.0238736060606061
chr6_122602000_122603000	chr6_122780000_122781000	0	144.5	-178000	3	-0.0238736060606061
chr6_122392000_122393000	chr6_122780000_122781000	0	144.5	-388000	3	-0.0238736060606061
chr6_122505000_122506000	chr6_122780000_122781000	0	144.5	-275000	3	-0.0238736060606061
chr6_122545000_122546000	chr6_122780000_122781000	0	144.5	-235000	3	-0.0238736060606061
chr6_122570000_122571000	chr6_122780000_122781000	0	144.5	-210000	3	-0.0238736060606061
chr6_122595000_122596000	chr6_122780000_122781000	0	144.5	-185000	3	-0.0238736060606061
chr6_122667000_122668000	chr6_122780000_122781000	0	144.5	-113000	3	-0.0238736060606061
chr6_122802000_122803000	chr6_122780000_122781000	0	144.5	22000	3	-0.0238736060606061
chr6_122804000_122805000	chr6_122780000_122781000	0	144.5	24000	3	-0.0238736060606061
chr6_122812000_122813000	chr6_122780000_122781000	0	144.5	32000	3	-0.0238736060606061
chr6_122820000_122821000	chr6_122780000_122781000	0	144.5	40000	3	-0.0238736060606061
chr6_122856000_122857000	chr6_122780000_122781000	0	144.5	76000	3	-0.0238736060606061
chr6_122870000_122871000	chr6_122780000_122781000	0	144.5	90000	3	-0.0238736060606061
chr6_122892000_122893000	chr6_122780000_122781000	0	144.5	112000	3	-0.0238736060606061
chr6_123340000_123341000	chr6_122780000_122781000	0	144.5	560000	3	-0.0238736060606061
chr6_122618000_122619000	chr6_122780000_122781000	0	144.5	-162000	3	-0.0238736060606061
chr6_123332000_123333000	chr6_122780000_122781000	0	144.5	552000	3	-0.0238736060606061
chr6_122554000_122555000	chr6_122780000_122781000	0	144.5	-226000	3	-0.0238736060606061
chr6_122337000_122338000	chr6_122780000_122781000	0	144.5	-443000	3	-0.0238736060606061
chr6_122769000_122770000	chr6_122780000_122781000	-0.000365	156	-11000	3	-0.0238736060606061
chr6_122821000_122822000	chr6_122780000_122781000	-0.000605	157	41000	3	-0.0238736060606061
chr6_122609000_122610000	chr6_122780000_122781000	-0.000675	158	-171000	3	-0.0238736060606061
chr6_122560000_122561000	chr6_122780000_122781000	-0.004426	159	-220000	3	-0.0238736060606061
chr6_122765000_122766000	chr6_122780000_122781000	-0.004475	160	-15000	3	-0.0238736060606061
chr6_122338000_122339000	chr6_122780000_122781000	-0.006759	161	-442000	3	-0.0238736060606061
chr6_122331000_122332000	chr6_122780000_122781000	-0.010411	162	-449000	3	-0.0238736060606061
chr6_122606000_122607000	chr6_122780000_122781000	-0.011513	163	-174000	3	-0.0238736060606061
chr6_122828000_122829000	chr6_122780000_122781000	-0.011933	164	48000	3	-0.0238736060606061
chr6_122758000_122759000	chr6_122780000_122781000	-0.011941	165	-22000	3	-0.0238736060606061
chr6_122343000_122344000	chr6_122780000_122781000	-0.012162	166	-437000	3	-0.0238736060606061
chr6_122494000_122495000	chr6_122780000_122781000	-0.015019	167	-286000	3	-0.0238736060606061
chr6_122702000_122703000	chr6_122780000_122781000	-0.015307	168	-78000	3	-0.0238736060606061
chr6_122706000_122707000	chr6_122780000_122781000	-0.016813	169	-74000	3	-0.0238736060606061
chr6_122356000_122357000	chr6_122780000_122781000	-0.018611	170	-424000	3	-0.0238736060606061
chr6_122368000_122369000	chr6_122780000_122781000	-0.026143	171	-412000	3	-0.0238736060606061
chr6_122593000_122594000	chr6_122780000_122781000	-0.026435	172	-187000	3	-0.0238736060606061
chr6_122640000_122641000	chr6_122780000_122781000	-0.028571	179.5	-140000	3	-0.0238736060606061
chr6_122531000_122532000	chr6_122780000_122781000	-0.028571	179.5	-249000	3	-0.0238736060606061
chr6_122811000_122812000	chr6_122780000_122781000	-0.028571	179.5	31000	3	-0.0238736060606061
chr6_122869000_122870000	chr6_122780000_122781000	-0.028571	179.5	89000	3	-0.0238736060606061
chr6_123657000_123658000	chr6_122780000_122781000	-0.028571	179.5	877000	3	-0.0238736060606061
chr6_122345000_122346000	chr6_122780000_122781000	-0.028571	179.5	-435000	3	-0.0238736060606061
chr6_122521000_122522000	chr6_122780000_122781000	-0.028571	179.5	-259000	3	-0.0238736060606061
chr6_122557000_122558000	chr6_122780000_122781000	-0.028571	179.5	-223000	3	-0.0238736060606061
chr6_122598000_122599000	chr6_122780000_122781000	-0.028571	179.5	-182000	3	-0.0238736060606061
chr6_122610000_122611000	chr6_122780000_122781000	-0.028571	179.5	-170000	3	-0.0238736060606061
chr6_122801000_122802000	chr6_122780000_122781000	-0.028571	179.5	21000	3	-0.0238736060606061
chr6_122824000_122825000	chr6_122780000_122781000	-0.028571	179.5	44000	3	-0.0238736060606061
chr6_122662000_122663000	chr6_122780000_122781000	-0.028571	179.5	-118000	3	-0.0238736060606061
chr6_122874000_122875000	chr6_122780000_122781000	-0.028571	179.5	94000	3	-0.0238736060606061
chr6_122391000_122392000	chr6_122780000_122781000	-0.029218	187	-389000	3	-0.0238736060606061
chr6_123328000_123329000	chr6_122780000_122781000	-0.03137	188	548000	3	-0.0238736060606061
chr6_122760000_122761000	chr6_122780000_122781000	-0.031692	189	-20000	3	-0.0238736060606061
chr6_122528000_122529000	chr6_122780000_122781000	-0.035922	190	-252000	3	-0.0238736060606061
chr6_122339000_122340000	chr6_122780000_122781000	-0.039117	191	-441000	3	-0.0238736060606061
chr6_122312000_122313000	chr6_122780000_122781000	-0.04377	192	-468000	3	-0.0238736060606061
chr6_122369000_122370000	chr6_122780000_122781000	-0.044939	193	-411000	3	-0.0238736060606061
chr6_122309000_122310000	chr6_122780000_122781000	-0.046947	194	-471000	3	-0.0238736060606061
chr6_122295000_122296000	chr6_122780000_122781000	-0.049736	195	-485000	3	-0.0238736060606061
chr6_122759000_122760000	chr6_122780000_122781000	-0.05038	196	-21000	3	-0.0238736060606061
chr6_122340000_122341000	chr6_122780000_122781000	-0.051822	197	-440000	3	-0.0238736060606061
chr6_122713000_122714000	chr6_122780000_122781000	-0.05593	198	-67000	3	-0.0238736060606061
chr6_122696000_122697000	chr6_122780000_122781000	-0.056387	199	-84000	3	-0.0238736060606061
chr6_122689000_122690000	chr6_122780000_122781000	-0.057143	203	-91000	3	-0.0238736060606061
chr6_122532000_122533000	chr6_122780000_122781000	-0.057143	203	-248000	3	-0.0238736060606061
chr6_122633000_122634000	chr6_122780000_122781000	-0.057143	203	-147000	3	-0.0238736060606061
chr6_122636000_122637000	chr6_122780000_122781000	-0.057143	203	-144000	3	-0.0238736060606061
chr6_122834000_122835000	chr6_122780000_122781000	-0.057143	203	54000	3	-0.0238736060606061
chr6_122600000_122601000	chr6_122780000_122781000	-0.057143	203	-180000	3	-0.0238736060606061
chr6_122336000_122337000	chr6_122780000_122781000	-0.057143	203	-444000	3	-0.0238736060606061
chr6_122308000_122309000	chr6_122780000_122781000	-0.059425	207	-472000	3	-0.0238736060606061
chr6_122624000_122625000	chr6_122780000_122781000	-0.060797	208	-156000	3	-0.0238736060606061
chr6_122741000_122742000	chr6_122780000_122781000	-0.061145	209	-39000	3	-0.0238736060606061
chr6_122546000_122547000	chr6_122780000_122781000	-0.067899	210	-234000	3	-0.0238736060606061
chr6_122310000_122311000	chr6_122780000_122781000	-0.068119	211	-470000	3	-0.0238736060606061
chr6_122317000_122318000	chr6_122780000_122781000	-0.071447	212	-463000	3	-0.0238736060606061
chr6_122669000_122670000	chr6_122780000_122781000	-0.072801	213	-111000	3	-0.0238736060606061
chr6_122346000_122347000	chr6_122780000_122781000	-0.075185	214	-434000	3	-0.0238736060606061
chr6_122561000_122562000	chr6_122780000_122781000	-0.097792	215	-219000	3	-0.0238736060606061
chr6_122328000_122329000	chr6_122780000_122781000	-0.100662	216	-452000	3	-0.0238736060606061
chr6_122304000_122305000	chr6_122780000_122781000	-0.106854	217	-476000	3	-0.0238736060606061
chr6_122608000_122609000	chr6_122780000_122781000	-0.126418	218	-172000	3	-0.0238736060606061
