interact_region	promoter_region	pred	RF_rank	distance	kmeans	clustmean
chr6_122304000_122305000	chr6_122801000_122802000	0.568041	1	-497000	1	0.339840125
chr6_122391000_122392000	chr6_122801000_122802000	0.475451	2	-410000	1	0.339840125
chr6_122297000_122298000	chr6_122801000_122802000	0.365466	3	-504000	1	0.339840125
chr6_122802000_122803000	chr6_122801000_122802000	0.294445	4	1000	1	0.339840125
chr6_122392000_122393000	chr6_122801000_122802000	0.261856	5	-409000	1	0.339840125
chr6_123657000_123658000	chr6_122801000_122802000	0.256512	6	856000	1	0.339840125
chr6_122560000_122561000	chr6_122801000_122802000	0.249807	7	-241000	1	0.339840125
chr6_122402000_122403000	chr6_122801000_122802000	0.247143	8	-399000	1	0.339840125
chr6_122874000_122875000	chr6_122801000_122802000	0.201661	9	73000	2	0.0932596142857143
chr6_122804000_122805000	chr6_122801000_122802000	0.188803	10	3000	2	0.0932596142857143
chr6_122819000_122820000	chr6_122801000_122802000	0.180901	11	18000	2	0.0932596142857143
chr6_122344000_122345000	chr6_122801000_122802000	0.180494	12	-457000	2	0.0932596142857143
chr6_122258000_122259000	chr6_122801000_122802000	0.175383	13	-543000	2	0.0932596142857143
chr6_122339000_122340000	chr6_122801000_122802000	0.167545	14	-462000	2	0.0932596142857143
chr6_122562000_122563000	chr6_122801000_122802000	0.166522	15	-239000	2	0.0932596142857143
chr6_122309000_122310000	chr6_122801000_122802000	0.161286	16	-492000	2	0.0932596142857143
chr6_122669000_122670000	chr6_122801000_122802000	0.150933	17	-132000	2	0.0932596142857143
chr6_122820000_122821000	chr6_122801000_122802000	0.141215	18	19000	2	0.0932596142857143
chr6_122565000_122566000	chr6_122801000_122802000	0.139882	19	-236000	2	0.0932596142857143
chr6_122318000_122319000	chr6_122801000_122802000	0.133853	20	-483000	2	0.0932596142857143
chr6_122533000_122534000	chr6_122801000_122802000	0.131646	21	-268000	2	0.0932596142857143
chr6_122602000_122603000	chr6_122801000_122802000	0.130459	22	-199000	2	0.0932596142857143
chr6_122810000_122811000	chr6_122801000_122802000	0.128291	23	9000	2	0.0932596142857143
chr6_122591000_122592000	chr6_122801000_122802000	0.122836	24	-210000	2	0.0932596142857143
chr6_122368000_122369000	chr6_122801000_122802000	0.120838	25	-433000	2	0.0932596142857143
chr6_122523000_122524000	chr6_122801000_122802000	0.116192	26	-278000	2	0.0932596142857143
chr6_122532000_122533000	chr6_122801000_122802000	0.115794	27	-269000	2	0.0932596142857143
chr6_122625000_122626000	chr6_122801000_122802000	0.114949	28	-176000	2	0.0932596142857143
chr6_122342000_122343000	chr6_122801000_122802000	0.114286	29	-459000	2	0.0932596142857143
chr6_122720000_122721000	chr6_122801000_122802000	0.105582	30	-81000	2	0.0932596142857143
chr6_122690000_122691000	chr6_122801000_122802000	0.101603	31	-111000	2	0.0932596142857143
chr6_122323000_122324000	chr6_122801000_122802000	0.100472	32	-478000	2	0.0932596142857143
chr6_122598000_122599000	chr6_122801000_122802000	0.098656	33	-203000	2	0.0932596142857143
chr6_122834000_122835000	chr6_122801000_122802000	0.0963	34	33000	2	0.0932596142857143
chr6_122659000_122660000	chr6_122801000_122802000	0.095894	35	-142000	2	0.0932596142857143
chr6_122313000_122314000	chr6_122801000_122802000	0.09112	36	-488000	2	0.0932596142857143
chr6_122340000_122341000	chr6_122801000_122802000	0.090064	37	-461000	2	0.0932596142857143
chr6_122824000_122825000	chr6_122801000_122802000	0.08953	38	23000	2	0.0932596142857143
chr6_122513000_122514000	chr6_122801000_122802000	0.085714	40.5	-288000	2	0.0932596142857143
chr6_122334000_122335000	chr6_122801000_122802000	0.085714	40.5	-467000	2	0.0932596142857143
chr6_122485000_122486000	chr6_122801000_122802000	0.085714	40.5	-316000	2	0.0932596142857143
chr6_123696000_123697000	chr6_122801000_122802000	0.085714	40.5	895000	2	0.0932596142857143
chr6_122786000_122787000	chr6_122801000_122802000	0.0855	43	-15000	2	0.0932596142857143
chr6_122314000_122315000	chr6_122801000_122802000	0.083085	44	-487000	2	0.0932596142857143
chr6_122322000_122323000	chr6_122801000_122802000	0.082673	45	-479000	2	0.0932596142857143
chr6_122627000_122628000	chr6_122801000_122802000	0.079992	46	-174000	2	0.0932596142857143
chr6_122495000_122496000	chr6_122801000_122802000	0.078953	47	-306000	2	0.0932596142857143
chr6_122487000_122488000	chr6_122801000_122802000	0.078329	48	-314000	2	0.0932596142857143
chr6_122628000_122629000	chr6_122801000_122802000	0.076705	49	-173000	2	0.0932596142857143
chr6_122759000_122760000	chr6_122801000_122802000	0.071151	50	-42000	2	0.0932596142857143
chr6_123327000_123328000	chr6_122801000_122802000	0.069392	51	526000	2	0.0932596142857143
chr6_122492000_122493000	chr6_122801000_122802000	0.069091	52	-309000	2	0.0932596142857143
chr6_122607000_122608000	chr6_122801000_122802000	0.069008	53	-194000	2	0.0932596142857143
chr6_122719000_122720000	chr6_122801000_122802000	0.068716	54	-82000	2	0.0932596142857143
chr6_122593000_122594000	chr6_122801000_122802000	0.067746	55	-208000	2	0.0932596142857143
chr6_122531000_122532000	chr6_122801000_122802000	0.066325	56	-270000	2	0.0932596142857143
chr6_122355000_122356000	chr6_122801000_122802000	0.06566	57	-446000	2	0.0932596142857143
chr6_122689000_122690000	chr6_122801000_122802000	0.064711	58	-112000	2	0.0932596142857143
chr6_122771000_122772000	chr6_122801000_122802000	0.064085	59	-30000	2	0.0932596142857143
chr6_122811000_122812000	chr6_122801000_122802000	0.060385	60	10000	2	0.0932596142857143
chr6_122570000_122571000	chr6_122801000_122802000	0.059749	61	-231000	2	0.0932596142857143
chr6_122869000_122870000	chr6_122801000_122802000	0.059389	62	68000	2	0.0932596142857143
chr6_122609000_122610000	chr6_122801000_122802000	0.057143	64.5	-192000	2	0.0932596142857143
chr6_122545000_122546000	chr6_122801000_122802000	0.057143	64.5	-256000	2	0.0932596142857143
chr6_122767000_122768000	chr6_122801000_122802000	0.057143	64.5	-34000	2	0.0932596142857143
chr6_122892000_122893000	chr6_122801000_122802000	0.057143	64.5	91000	2	0.0932596142857143
chr6_122337000_122338000	chr6_122801000_122802000	0.057013	67	-464000	2	0.0932596142857143
chr6_122561000_122562000	chr6_122801000_122802000	0.05578	68	-240000	2	0.0932596142857143
chr6_122740000_122741000	chr6_122801000_122802000	0.054268	69	-61000	2	0.0932596142857143
chr6_122319000_122320000	chr6_122801000_122802000	0.050131	70	-482000	2	0.0932596142857143
chr6_122664000_122665000	chr6_122801000_122802000	0.049499	71	-137000	2	0.0932596142857143
chr6_122553000_122554000	chr6_122801000_122802000	0.049332	72	-248000	2	0.0932596142857143
chr6_122739000_122740000	chr6_122801000_122802000	0.047349	73	-62000	2	0.0932596142857143
chr6_123137000_123138000	chr6_122801000_122802000	0.046827	74	336000	2	0.0932596142857143
chr6_122295000_122296000	chr6_122801000_122802000	0.044559	75	-506000	2	0.0932596142857143
chr6_122312000_122313000	chr6_122801000_122802000	0.043433	76	-489000	2	0.0932596142857143
chr6_122713000_122714000	chr6_122801000_122802000	0.042902	77	-88000	2	0.0932596142857143
chr6_122469000_122470000	chr6_122801000_122802000	0.042017	78	-332000	2	0.0932596142857143
chr6_122491000_122492000	chr6_122801000_122802000	0.040817	79	-310000	3	-0.0107724930555556
chr6_122636000_122637000	chr6_122801000_122802000	0.038829	80	-165000	3	-0.0107724930555556
chr6_122298000_122299000	chr6_122801000_122802000	0.03838	81	-503000	3	-0.0107724930555556
chr6_122259000_122260000	chr6_122801000_122802000	0.035723	82	-542000	3	-0.0107724930555556
chr6_122308000_122309000	chr6_122801000_122802000	0.034249	83	-493000	3	-0.0107724930555556
chr6_122870000_122871000	chr6_122801000_122802000	0.033811	84	69000	3	-0.0107724930555556
chr6_122126000_122127000	chr6_122801000_122802000	0.033495	85	-675000	3	-0.0107724930555556
chr6_122826000_122827000	chr6_122801000_122802000	0.031701	86	25000	3	-0.0107724930555556
chr6_122708000_122709000	chr6_122801000_122802000	0.03001	87	-93000	3	-0.0107724930555556
chr6_122331000_122332000	chr6_122801000_122802000	0.02954	88	-470000	3	-0.0107724930555556
chr6_122730000_122731000	chr6_122801000_122802000	0.028571	95.5	-71000	3	-0.0107724930555556
chr6_122707000_122708000	chr6_122801000_122802000	0.028571	95.5	-94000	3	-0.0107724930555556
chr6_122728000_122729000	chr6_122801000_122802000	0.028571	95.5	-73000	3	-0.0107724930555556
chr6_123647000_123648000	chr6_122801000_122802000	0.028571	95.5	846000	3	-0.0107724930555556
chr6_122332000_122333000	chr6_122801000_122802000	0.028571	95.5	-469000	3	-0.0107724930555556
chr6_122571000_122572000	chr6_122801000_122802000	0.028571	95.5	-230000	3	-0.0107724930555556
chr6_122640000_122641000	chr6_122801000_122802000	0.028571	95.5	-161000	3	-0.0107724930555556
chr6_122699000_122700000	chr6_122801000_122802000	0.028571	95.5	-102000	3	-0.0107724930555556
chr6_122765000_122766000	chr6_122801000_122802000	0.028571	95.5	-36000	3	-0.0107724930555556
chr6_122785000_122786000	chr6_122801000_122802000	0.028571	95.5	-16000	3	-0.0107724930555556
chr6_123785000_123786000	chr6_122801000_122802000	0.028571	95.5	984000	3	-0.0107724930555556
chr6_122726000_122727000	chr6_122801000_122802000	0.028571	95.5	-75000	3	-0.0107724930555556
chr6_122727000_122728000	chr6_122801000_122802000	0.028571	95.5	-74000	3	-0.0107724930555556
chr6_122554000_122555000	chr6_122801000_122802000	0.028571	95.5	-247000	3	-0.0107724930555556
chr6_123340000_123341000	chr6_122801000_122802000	0.028497	103	539000	3	-0.0107724930555556
chr6_122329000_122330000	chr6_122801000_122802000	0.026842	104	-472000	3	-0.0107724930555556
chr6_122784000_122785000	chr6_122801000_122802000	0.026776	105	-17000	3	-0.0107724930555556
chr6_122335000_122336000	chr6_122801000_122802000	0.026671	106	-466000	3	-0.0107724930555556
chr6_122758000_122759000	chr6_122801000_122802000	0.025936	107	-43000	3	-0.0107724930555556
chr6_122626000_122627000	chr6_122801000_122802000	0.02591	108	-175000	3	-0.0107724930555556
chr6_122694000_122695000	chr6_122801000_122802000	0.024775	109	-107000	3	-0.0107724930555556
chr6_122812000_122813000	chr6_122801000_122802000	0.02433	110	11000	3	-0.0107724930555556
chr6_122734000_122735000	chr6_122801000_122802000	0.02363	111	-67000	3	-0.0107724930555556
chr6_122712000_122713000	chr6_122801000_122802000	0.023182	112	-89000	3	-0.0107724930555556
chr6_122821000_122822000	chr6_122801000_122802000	0.019118	113	20000	3	-0.0107724930555556
chr6_122698000_122699000	chr6_122801000_122802000	0.016484	114	-103000	3	-0.0107724930555556
chr6_123784000_123785000	chr6_122801000_122802000	0.014946	115	983000	3	-0.0107724930555556
chr6_122745000_122746000	chr6_122801000_122802000	0.01224	116	-56000	3	-0.0107724930555556
chr6_122366000_122367000	chr6_122801000_122802000	0.010855	117	-435000	3	-0.0107724930555556
chr6_122317000_122318000	chr6_122801000_122802000	0.010485	118	-484000	3	-0.0107724930555556
chr6_122336000_122337000	chr6_122801000_122802000	0.006843	119	-465000	3	-0.0107724930555556
chr6_122345000_122346000	chr6_122801000_122802000	0.00662	120	-456000	3	-0.0107724930555556
chr6_122875000_122876000	chr6_122801000_122802000	0.005771	121	74000	3	-0.0107724930555556
chr6_122393000_122394000	chr6_122801000_122802000	0.005436	122	-408000	3	-0.0107724930555556
chr6_122702000_122703000	chr6_122801000_122802000	0.003608	123	-99000	3	-0.0107724930555556
chr6_122825000_122826000	chr6_122801000_122802000	0.001768	124	24000	3	-0.0107724930555556
chr6_122661000_122662000	chr6_122801000_122802000	0.001749	125	-140000	3	-0.0107724930555556
chr6_122320000_122321000	chr6_122801000_122802000	0.000809	126	-481000	3	-0.0107724930555556
chr6_122546000_122547000	chr6_122801000_122802000	0	139.5	-255000	3	-0.0107724930555556
chr6_122706000_122707000	chr6_122801000_122802000	0	139.5	-95000	3	-0.0107724930555556
chr6_122773000_122774000	chr6_122801000_122802000	0	139.5	-28000	3	-0.0107724930555556
chr6_122341000_122342000	chr6_122801000_122802000	0	139.5	-460000	3	-0.0107724930555556
chr6_122439000_122440000	chr6_122801000_122802000	0	139.5	-362000	3	-0.0107724930555556
chr6_122463000_122464000	chr6_122801000_122802000	0	139.5	-338000	3	-0.0107724930555556
chr6_122522000_122523000	chr6_122801000_122802000	0	139.5	-279000	3	-0.0107724930555556
chr6_122614000_122615000	chr6_122801000_122802000	0	139.5	-187000	3	-0.0107724930555556
chr6_122662000_122663000	chr6_122801000_122802000	0	139.5	-139000	3	-0.0107724930555556
chr6_122663000_122664000	chr6_122801000_122802000	0	139.5	-138000	3	-0.0107724930555556
chr6_122670000_122671000	chr6_122801000_122802000	0	139.5	-131000	3	-0.0107724930555556
chr6_122696000_122697000	chr6_122801000_122802000	0	139.5	-105000	3	-0.0107724930555556
chr6_122703000_122704000	chr6_122801000_122802000	0	139.5	-98000	3	-0.0107724930555556
chr6_122732000_122733000	chr6_122801000_122802000	0	139.5	-69000	3	-0.0107724930555556
chr6_122735000_122736000	chr6_122801000_122802000	0	139.5	-66000	3	-0.0107724930555556
chr6_122743000_122744000	chr6_122801000_122802000	0	139.5	-58000	3	-0.0107724930555556
chr6_122762000_122763000	chr6_122801000_122802000	0	139.5	-39000	3	-0.0107724930555556
chr6_122764000_122765000	chr6_122801000_122802000	0	139.5	-37000	3	-0.0107724930555556
chr6_122769000_122770000	chr6_122801000_122802000	0	139.5	-32000	3	-0.0107724930555556
chr6_122828000_122829000	chr6_122801000_122802000	0	139.5	27000	3	-0.0107724930555556
chr6_122856000_122857000	chr6_122801000_122802000	0	139.5	55000	3	-0.0107724930555556
chr6_123004000_123005000	chr6_122801000_122802000	0	139.5	203000	3	-0.0107724930555556
chr6_123328000_123329000	chr6_122801000_122802000	0	139.5	527000	3	-0.0107724930555556
chr6_123332000_123333000	chr6_122801000_122802000	0	139.5	531000	3	-0.0107724930555556
chr6_123697000_123698000	chr6_122801000_122802000	0	139.5	896000	3	-0.0107724930555556
chr6_123793000_123794000	chr6_122801000_122802000	0	139.5	992000	3	-0.0107724930555556
chr6_122761000_122762000	chr6_122801000_122802000	-0.000226	153	-40000	3	-0.0107724930555556
chr6_122782000_122783000	chr6_122801000_122802000	-0.001682	154	-19000	3	-0.0107724930555556
chr6_122343000_122344000	chr6_122801000_122802000	-0.001683	155	-458000	3	-0.0107724930555556
chr6_122356000_122357000	chr6_122801000_122802000	-0.001933	156	-445000	3	-0.0107724930555556
chr6_122760000_122761000	chr6_122801000_122802000	-0.001981	157	-41000	3	-0.0107724930555556
chr6_122731000_122732000	chr6_122801000_122802000	-0.002402	158	-70000	3	-0.0107724930555556
chr6_122605000_122606000	chr6_122801000_122802000	-0.004407	159	-196000	3	-0.0107724930555556
chr6_122709000_122710000	chr6_122801000_122802000	-0.004897	160	-92000	3	-0.0107724930555556
chr6_122325000_122326000	chr6_122801000_122802000	-0.006056	161	-476000	3	-0.0107724930555556
chr6_122494000_122495000	chr6_122801000_122802000	-0.009628	162	-307000	3	-0.0107724930555556
chr6_122610000_122611000	chr6_122801000_122802000	-0.012118	163	-191000	3	-0.0107724930555556
chr6_122496000_122497000	chr6_122801000_122802000	-0.014664	164	-305000	3	-0.0107724930555556
chr6_122369000_122370000	chr6_122801000_122802000	-0.014665	165	-432000	3	-0.0107724930555556
chr6_122633000_122634000	chr6_122801000_122802000	-0.016344	166	-168000	3	-0.0107724930555556
chr6_123795000_123796000	chr6_122801000_122802000	-0.018044	167	994000	3	-0.0107724930555556
chr6_122316000_122317000	chr6_122801000_122802000	-0.019647	168	-485000	3	-0.0107724930555556
chr6_122635000_122636000	chr6_122801000_122802000	-0.019861	169	-166000	3	-0.0107724930555556
chr6_122315000_122316000	chr6_122801000_122802000	-0.020145	170	-486000	3	-0.0107724930555556
chr6_122882000_122883000	chr6_122801000_122802000	-0.020406	171	81000	3	-0.0107724930555556
chr6_122347000_122348000	chr6_122801000_122802000	-0.020874	172	-454000	3	-0.0107724930555556
chr6_122766000_122767000	chr6_122801000_122802000	-0.021016	173	-35000	3	-0.0107724930555556
chr6_122795000_122796000	chr6_122801000_122802000	-0.02785	174	-6000	3	-0.0107724930555556
chr6_122624000_122625000	chr6_122801000_122802000	-0.028571	180.5	-177000	3	-0.0107724930555556
chr6_122742000_122743000	chr6_122801000_122802000	-0.028571	180.5	-59000	3	-0.0107724930555556
chr6_122367000_122368000	chr6_122801000_122802000	-0.028571	180.5	-434000	3	-0.0107724930555556
chr6_122471000_122472000	chr6_122801000_122802000	-0.028571	180.5	-330000	3	-0.0107724930555556
chr6_122660000_122661000	chr6_122801000_122802000	-0.028571	180.5	-141000	3	-0.0107724930555556
chr6_122667000_122668000	chr6_122801000_122802000	-0.028571	180.5	-134000	3	-0.0107724930555556
chr6_122768000_122769000	chr6_122801000_122802000	-0.028571	180.5	-33000	3	-0.0107724930555556
chr6_122729000_122730000	chr6_122801000_122802000	-0.028571	180.5	-72000	3	-0.0107724930555556
chr6_122737000_122738000	chr6_122801000_122802000	-0.028571	180.5	-64000	3	-0.0107724930555556
chr6_122744000_122745000	chr6_122801000_122802000	-0.028571	180.5	-57000	3	-0.0107724930555556
chr6_122772000_122773000	chr6_122801000_122802000	-0.028571	180.5	-29000	3	-0.0107724930555556
chr6_123646000_123647000	chr6_122801000_122802000	-0.028571	180.5	845000	3	-0.0107724930555556
chr6_122310000_122311000	chr6_122801000_122802000	-0.031023	187	-491000	3	-0.0107724930555556
chr6_122305000_122306000	chr6_122801000_122802000	-0.03314	188	-496000	3	-0.0107724930555556
chr6_122883000_122884000	chr6_122801000_122802000	-0.038749	189	82000	3	-0.0107724930555556
chr6_122528000_122529000	chr6_122801000_122802000	-0.038779	190	-273000	3	-0.0107724930555556
chr6_122505000_122506000	chr6_122801000_122802000	-0.04049	191	-296000	3	-0.0107724930555556
chr6_122608000_122609000	chr6_122801000_122802000	-0.040647	192	-193000	3	-0.0107724930555556
chr6_122600000_122601000	chr6_122801000_122802000	-0.043472	193	-201000	3	-0.0107724930555556
chr6_122365000_122366000	chr6_122801000_122802000	-0.044007	194	-436000	3	-0.0107724930555556
chr6_122338000_122339000	chr6_122801000_122802000	-0.044128	195	-463000	3	-0.0107724930555556
chr6_122935000_122936000	chr6_122801000_122802000	-0.04867	196	134000	3	-0.0107724930555556
chr6_122716000_122717000	chr6_122801000_122802000	-0.050296	197	-85000	3	-0.0107724930555556
chr6_122557000_122558000	chr6_122801000_122802000	-0.051451	198	-244000	3	-0.0107724930555556
chr6_122521000_122522000	chr6_122801000_122802000	-0.052335	199	-280000	3	-0.0107724930555556
chr6_122333000_122334000	chr6_122801000_122802000	-0.052468	200	-468000	3	-0.0107724930555556
chr6_122595000_122596000	chr6_122801000_122802000	-0.052678	201	-206000	3	-0.0107724930555556
chr6_122833000_122834000	chr6_122801000_122802000	-0.056899	202	32000	3	-0.0107724930555556
chr6_122328000_122329000	chr6_122801000_122802000	-0.057143	206	-473000	3	-0.0107724930555556
chr6_122653000_122654000	chr6_122801000_122802000	-0.057143	206	-148000	3	-0.0107724930555556
chr6_122686000_122687000	chr6_122801000_122802000	-0.057143	206	-115000	3	-0.0107724930555556
chr6_122741000_122742000	chr6_122801000_122802000	-0.057143	206	-60000	3	-0.0107724930555556
chr6_122770000_122771000	chr6_122801000_122802000	-0.057143	206	-31000	3	-0.0107724930555556
chr6_122780000_122781000	chr6_122801000_122802000	-0.057143	206	-21000	3	-0.0107724930555556
chr6_122378000_122379000	chr6_122801000_122802000	-0.057143	206	-423000	3	-0.0107724930555556
chr6_122989000_122990000	chr6_122801000_122802000	-0.057398	210	188000	3	-0.0107724930555556
chr6_122617000_122618000	chr6_122801000_122802000	-0.059122	211	-184000	3	-0.0107724930555556
chr6_122346000_122347000	chr6_122801000_122802000	-0.060885	212	-455000	3	-0.0107724930555556
chr6_123005000_123006000	chr6_122801000_122802000	-0.065746	213	204000	3	-0.0107724930555556
chr6_122321000_122322000	chr6_122801000_122802000	-0.067849	214	-480000	3	-0.0107724930555556
chr6_122486000_122487000	chr6_122801000_122802000	-0.068023	215	-315000	3	-0.0107724930555556
chr6_122606000_122607000	chr6_122801000_122802000	-0.068096	216	-195000	3	-0.0107724930555556
chr6_122763000_122764000	chr6_122801000_122802000	-0.068181	217	-38000	3	-0.0107724930555556
chr6_122715000_122716000	chr6_122801000_122802000	-0.069025	218	-86000	3	-0.0107724930555556
chr6_122632000_122633000	chr6_122801000_122802000	-0.072268	219	-169000	3	-0.0107724930555556
chr6_122666000_122667000	chr6_122801000_122802000	-0.078266	220	-135000	3	-0.0107724930555556
chr6_123138000_123139000	chr6_122801000_122802000	-0.086706	221	337000	3	-0.0107724930555556
chr6_122618000_122619000	chr6_122801000_122802000	-0.12689	222	-183000	3	-0.0107724930555556
