interact_region	promoter_region	pred	RF_rank	distance	kmeans	clustmean
chr6_122356000_122357000	chr6_122610000_122611000	0.397581	1	-254000	1	0.215520083333333
chr6_122609000_122610000	chr6_122610000_122611000	0.382367	2	-1000	1	0.215520083333333
chr6_122316000_122317000	chr6_122610000_122611000	0.304974	3	-294000	1	0.215520083333333
chr6_122769000_122770000	chr6_122610000_122611000	0.277571	4	159000	1	0.215520083333333
chr6_122305000_122306000	chr6_122610000_122611000	0.261699	5	-305000	1	0.215520083333333
chr6_122315000_122316000	chr6_122610000_122611000	0.256184	6	-295000	1	0.215520083333333
chr6_122463000_122464000	chr6_122610000_122611000	0.255028	7	-147000	1	0.215520083333333
chr6_122318000_122319000	chr6_122610000_122611000	0.248345	8	-292000	1	0.215520083333333
chr6_122627000_122628000	chr6_122610000_122611000	0.210255	9	17000	1	0.215520083333333
chr6_122126000_122127000	chr6_122610000_122611000	0.201031	10	-484000	1	0.215520083333333
chr6_122313000_122314000	chr6_122610000_122611000	0.190446	11	-297000	1	0.215520083333333
chr6_122334000_122335000	chr6_122610000_122611000	0.185509	12	-276000	1	0.215520083333333
chr6_122605000_122606000	chr6_122610000_122611000	0.184065	13	-5000	1	0.215520083333333
chr6_122314000_122315000	chr6_122610000_122611000	0.182456	14	-296000	1	0.215520083333333
chr6_122785000_122786000	chr6_122610000_122611000	0.181465	15	175000	1	0.215520083333333
chr6_122317000_122318000	chr6_122610000_122611000	0.17378	16	-293000	1	0.215520083333333
chr6_122561000_122562000	chr6_122610000_122611000	0.173596	17	-49000	1	0.215520083333333
chr6_122295000_122296000	chr6_122610000_122611000	0.169079	18	-315000	1	0.215520083333333
chr6_122640000_122641000	chr6_122610000_122611000	0.165622	19	30000	1	0.215520083333333
chr6_122608000_122609000	chr6_122610000_122611000	0.161351	20	-2000	1	0.215520083333333
chr6_122743000_122744000	chr6_122610000_122611000	0.156099	21	133000	1	0.215520083333333
chr6_122883000_122884000	chr6_122610000_122611000	0.153769	22	273000	1	0.215520083333333
chr6_122664000_122665000	chr6_122610000_122611000	0.150375	23	54000	1	0.215520083333333
chr6_122626000_122627000	chr6_122610000_122611000	0.149835	24	16000	1	0.215520083333333
chr6_122368000_122369000	chr6_122610000_122611000	0.145905	25	-242000	2	0.0786583142857143
chr6_122304000_122305000	chr6_122610000_122611000	0.138452	26	-306000	2	0.0786583142857143
chr6_122628000_122629000	chr6_122610000_122611000	0.134692	27	18000	2	0.0786583142857143
chr6_122469000_122470000	chr6_122610000_122611000	0.133289	28	-141000	2	0.0786583142857143
chr6_122666000_122667000	chr6_122610000_122611000	0.132555	29	56000	2	0.0786583142857143
chr6_122670000_122671000	chr6_122610000_122611000	0.127208	30	60000	2	0.0786583142857143
chr6_122698000_122699000	chr6_122610000_122611000	0.126392	31	88000	2	0.0786583142857143
chr6_122667000_122668000	chr6_122610000_122611000	0.124681	32	57000	2	0.0786583142857143
chr6_122367000_122368000	chr6_122610000_122611000	0.12427	33	-243000	2	0.0786583142857143
chr6_122607000_122608000	chr6_122610000_122611000	0.117555	34	-3000	2	0.0786583142857143
chr6_122323000_122324000	chr6_122610000_122611000	0.115952	35	-287000	2	0.0786583142857143
chr6_123340000_123341000	chr6_122610000_122611000	0.114372	36	730000	2	0.0786583142857143
chr6_122485000_122486000	chr6_122610000_122611000	0.105253	37	-125000	2	0.0786583142857143
chr6_122329000_122330000	chr6_122610000_122611000	0.101813	38	-281000	2	0.0786583142857143
chr6_122471000_122472000	chr6_122610000_122611000	0.100291	39	-139000	2	0.0786583142857143
chr6_122633000_122634000	chr6_122610000_122611000	0.099606	40	23000	2	0.0786583142857143
chr6_122989000_122990000	chr6_122610000_122611000	0.09928	41	379000	2	0.0786583142857143
chr6_122321000_122322000	chr6_122610000_122611000	0.093287	42	-289000	2	0.0786583142857143
chr6_122523000_122524000	chr6_122610000_122611000	0.092869	43	-87000	2	0.0786583142857143
chr6_122439000_122440000	chr6_122610000_122611000	0.092162	44	-171000	2	0.0786583142857143
chr6_122491000_122492000	chr6_122610000_122611000	0.087202	45	-119000	2	0.0786583142857143
chr6_122702000_122703000	chr6_122610000_122611000	0.086788	46	92000	2	0.0786583142857143
chr6_122712000_122713000	chr6_122610000_122611000	0.085714	47.5	102000	2	0.0786583142857143
chr6_122729000_122730000	chr6_122610000_122611000	0.085714	47.5	119000	2	0.0786583142857143
chr6_122335000_122336000	chr6_122610000_122611000	0.085361	49	-275000	2	0.0786583142857143
chr6_122739000_122740000	chr6_122610000_122611000	0.083728	50	129000	2	0.0786583142857143
chr6_122347000_122348000	chr6_122610000_122611000	0.083056	51	-263000	2	0.0786583142857143
chr6_122312000_122313000	chr6_122610000_122611000	0.081674	52	-298000	2	0.0786583142857143
chr6_122325000_122326000	chr6_122610000_122611000	0.081465	53	-285000	2	0.0786583142857143
chr6_122786000_122787000	chr6_122610000_122611000	0.08072	54	176000	2	0.0786583142857143
chr6_122522000_122523000	chr6_122610000_122611000	0.079592	55	-88000	2	0.0786583142857143
chr6_122762000_122763000	chr6_122610000_122611000	0.077329	56	152000	2	0.0786583142857143
chr6_122828000_122829000	chr6_122610000_122611000	0.075808	57	218000	2	0.0786583142857143
chr6_122553000_122554000	chr6_122610000_122611000	0.074111	58	-57000	2	0.0786583142857143
chr6_123138000_123139000	chr6_122610000_122611000	0.072522	59	528000	2	0.0786583142857143
chr6_123137000_123138000	chr6_122610000_122611000	0.072436	60	527000	2	0.0786583142857143
chr6_122606000_122607000	chr6_122610000_122611000	0.070537	61	-4000	2	0.0786583142857143
chr6_122600000_122601000	chr6_122610000_122611000	0.069885	62	-10000	2	0.0786583142857143
chr6_122492000_122493000	chr6_122610000_122611000	0.067476	63	-118000	2	0.0786583142857143
chr6_122297000_122298000	chr6_122610000_122611000	0.067439	64	-313000	2	0.0786583142857143
chr6_122708000_122709000	chr6_122610000_122611000	0.066304	65	98000	2	0.0786583142857143
chr6_121636000_121637000	chr6_122610000_122611000	0.064983	66	-974000	2	0.0786583142857143
chr6_122593000_122594000	chr6_122610000_122611000	0.064167	67	-17000	2	0.0786583142857143
chr6_122258000_122259000	chr6_122610000_122611000	0.063	68	-352000	2	0.0786583142857143
chr6_122496000_122497000	chr6_122610000_122611000	0.062872	69	-114000	2	0.0786583142857143
chr6_122660000_122661000	chr6_122610000_122611000	0.061211	70	50000	2	0.0786583142857143
chr6_122533000_122534000	chr6_122610000_122611000	0.060884	71	-77000	2	0.0786583142857143
chr6_122378000_122379000	chr6_122610000_122611000	0.060535	72	-232000	2	0.0786583142857143
chr6_122802000_122803000	chr6_122610000_122611000	0.057143	75.5	192000	2	0.0786583142857143
chr6_123327000_123328000	chr6_122610000_122611000	0.057143	75.5	717000	2	0.0786583142857143
chr6_122653000_122654000	chr6_122610000_122611000	0.057143	75.5	43000	2	0.0786583142857143
chr6_122810000_122811000	chr6_122610000_122611000	0.057143	75.5	200000	2	0.0786583142857143
chr6_122554000_122555000	chr6_122610000_122611000	0.057143	75.5	-56000	2	0.0786583142857143
chr6_122617000_122618000	chr6_122610000_122611000	0.057143	75.5	7000	2	0.0786583142857143
chr6_122259000_122260000	chr6_122610000_122611000	0.05708	79	-351000	2	0.0786583142857143
chr6_122709000_122710000	chr6_122610000_122611000	0.05684	80	99000	2	0.0786583142857143
chr6_122565000_122566000	chr6_122610000_122611000	0.056195	81	-45000	2	0.0786583142857143
chr6_122728000_122729000	chr6_122610000_122611000	0.054897	82	118000	2	0.0786583142857143
chr6_122719000_122720000	chr6_122610000_122611000	0.053116	83	109000	2	0.0786583142857143
chr6_122713000_122714000	chr6_122610000_122611000	0.050684	84	103000	2	0.0786583142857143
chr6_122328000_122329000	chr6_122610000_122611000	0.050109	85	-282000	2	0.0786583142857143
chr6_122696000_122697000	chr6_122610000_122611000	0.04871	86	86000	2	0.0786583142857143
chr6_122336000_122337000	chr6_122610000_122611000	0.04808	87	-274000	2	0.0786583142857143
chr6_122834000_122835000	chr6_122610000_122611000	0.046566	88	224000	2	0.0786583142857143
chr6_122625000_122626000	chr6_122610000_122611000	0.04587	89	15000	2	0.0786583142857143
chr6_122744000_122745000	chr6_122610000_122611000	0.043959	90	134000	2	0.0786583142857143
chr6_122355000_122356000	chr6_122610000_122611000	0.040827	91	-255000	2	0.0786583142857143
chr6_122562000_122563000	chr6_122610000_122611000	0.040657	92	-48000	2	0.0786583142857143
chr6_122340000_122341000	chr6_122610000_122611000	0.038818	93	-270000	2	0.0786583142857143
chr6_122624000_122625000	chr6_122610000_122611000	0.038419	94	14000	2	0.0786583142857143
chr6_122707000_122708000	chr6_122610000_122611000	0.033921	95	97000	3	-0.00735876666666669
chr6_122784000_122785000	chr6_122610000_122611000	0.033349	96	174000	3	-0.00735876666666669
chr6_122343000_122344000	chr6_122610000_122611000	0.032714	97	-267000	3	-0.00735876666666669
chr6_122771000_122772000	chr6_122610000_122611000	0.03036	98	161000	3	-0.00735876666666669
chr6_122730000_122731000	chr6_122610000_122611000	0.029817	99	120000	3	-0.00735876666666669
chr6_122505000_122506000	chr6_122610000_122611000	0.029739	100	-105000	3	-0.00735876666666669
chr6_122337000_122338000	chr6_122610000_122611000	0.028807	101	-273000	3	-0.00735876666666669
chr6_122768000_122769000	chr6_122610000_122611000	0.028571	108	158000	3	-0.00735876666666669
chr6_122521000_122522000	chr6_122610000_122611000	0.028571	108	-89000	3	-0.00735876666666669
chr6_122532000_122533000	chr6_122610000_122611000	0.028571	108	-78000	3	-0.00735876666666669
chr6_122811000_122812000	chr6_122610000_122611000	0.028571	108	201000	3	-0.00735876666666669
chr6_123332000_123333000	chr6_122610000_122611000	0.028571	108	722000	3	-0.00735876666666669
chr6_122402000_122403000	chr6_122610000_122611000	0.028571	108	-208000	3	-0.00735876666666669
chr6_122531000_122532000	chr6_122610000_122611000	0.028571	108	-79000	3	-0.00735876666666669
chr6_122663000_122664000	chr6_122610000_122611000	0.028571	108	53000	3	-0.00735876666666669
chr6_122720000_122721000	chr6_122610000_122611000	0.028571	108	110000	3	-0.00735876666666669
chr6_122767000_122768000	chr6_122610000_122611000	0.028571	108	157000	3	-0.00735876666666669
chr6_122824000_122825000	chr6_122610000_122611000	0.028571	108	214000	3	-0.00735876666666669
chr6_122727000_122728000	chr6_122610000_122611000	0.028571	108	117000	3	-0.00735876666666669
chr6_122875000_122876000	chr6_122610000_122611000	0.028571	108	265000	3	-0.00735876666666669
chr6_122319000_122320000	chr6_122610000_122611000	0.02821	115	-291000	3	-0.00735876666666669
chr6_122763000_122764000	chr6_122610000_122611000	0.028098	116	153000	3	-0.00735876666666669
chr6_122795000_122796000	chr6_122610000_122611000	0.025642	117	185000	3	-0.00735876666666669
chr6_122598000_122599000	chr6_122610000_122611000	0.022243	118	-12000	3	-0.00735876666666669
chr6_122342000_122343000	chr6_122610000_122611000	0.021686	119	-268000	3	-0.00735876666666669
chr6_122486000_122487000	chr6_122610000_122611000	0.016966	120	-124000	3	-0.00735876666666669
chr6_122659000_122660000	chr6_122610000_122611000	0.016769	121	49000	3	-0.00735876666666669
chr6_122825000_122826000	chr6_122610000_122611000	0.015654	122	215000	3	-0.00735876666666669
chr6_122391000_122392000	chr6_122610000_122611000	0.013701	123	-219000	3	-0.00735876666666669
chr6_122308000_122309000	chr6_122610000_122611000	0.013094	124	-302000	3	-0.00735876666666669
chr6_122636000_122637000	chr6_122610000_122611000	0.012226	125	26000	3	-0.00735876666666669
chr6_122332000_122333000	chr6_122610000_122611000	0.00843	126	-278000	3	-0.00735876666666669
chr6_122669000_122670000	chr6_122610000_122611000	0.003623	127	59000	3	-0.00735876666666669
chr6_122345000_122346000	chr6_122610000_122611000	0.003492	128	-265000	3	-0.00735876666666669
chr6_122339000_122340000	chr6_122610000_122611000	0.002969	129	-271000	3	-0.00735876666666669
chr6_122773000_122774000	chr6_122610000_122611000	0.00074	130	163000	3	-0.00735876666666669
chr6_122366000_122367000	chr6_122610000_122611000	0	146	-244000	3	-0.00735876666666669
chr6_122734000_122735000	chr6_122610000_122611000	0	146	124000	3	-0.00735876666666669
chr6_122764000_122765000	chr6_122610000_122611000	0	146	154000	3	-0.00735876666666669
chr6_122595000_122596000	chr6_122610000_122611000	0	146	-15000	3	-0.00735876666666669
chr6_123328000_123329000	chr6_122610000_122611000	0	146	718000	3	-0.00735876666666669
chr6_122495000_122496000	chr6_122610000_122611000	0	146	-115000	3	-0.00735876666666669
chr6_122513000_122514000	chr6_122610000_122611000	0	146	-97000	3	-0.00735876666666669
chr6_122557000_122558000	chr6_122610000_122611000	0	146	-53000	3	-0.00735876666666669
chr6_122560000_122561000	chr6_122610000_122611000	0	146	-50000	3	-0.00735876666666669
chr6_122571000_122572000	chr6_122610000_122611000	0	146	-39000	3	-0.00735876666666669
chr6_122602000_122603000	chr6_122610000_122611000	0	146	-8000	3	-0.00735876666666669
chr6_122703000_122704000	chr6_122610000_122611000	0	146	93000	3	-0.00735876666666669
chr6_122726000_122727000	chr6_122610000_122611000	0	146	116000	3	-0.00735876666666669
chr6_122740000_122741000	chr6_122610000_122611000	0	146	130000	3	-0.00735876666666669
chr6_122758000_122759000	chr6_122610000_122611000	0	146	148000	3	-0.00735876666666669
chr6_122759000_122760000	chr6_122610000_122611000	0	146	149000	3	-0.00735876666666669
chr6_122760000_122761000	chr6_122610000_122611000	0	146	150000	3	-0.00735876666666669
chr6_122770000_122771000	chr6_122610000_122611000	0	146	160000	3	-0.00735876666666669
chr6_122782000_122783000	chr6_122610000_122611000	0	146	172000	3	-0.00735876666666669
chr6_122801000_122802000	chr6_122610000_122611000	0	146	191000	3	-0.00735876666666669
chr6_122819000_122820000	chr6_122610000_122611000	0	146	209000	3	-0.00735876666666669
chr6_122821000_122822000	chr6_122610000_122611000	0	146	211000	3	-0.00735876666666669
chr6_122833000_122834000	chr6_122610000_122611000	0	146	223000	3	-0.00735876666666669
chr6_122869000_122870000	chr6_122610000_122611000	0	146	259000	3	-0.00735876666666669
chr6_122870000_122871000	chr6_122610000_122611000	0	146	260000	3	-0.00735876666666669
chr6_122874000_122875000	chr6_122610000_122611000	0	146	264000	3	-0.00735876666666669
chr6_123004000_123005000	chr6_122610000_122611000	0	146	394000	3	-0.00735876666666669
chr6_122331000_122332000	chr6_122610000_122611000	0	146	-279000	3	-0.00735876666666669
chr6_122632000_122633000	chr6_122610000_122611000	0	146	22000	3	-0.00735876666666669
chr6_122731000_122732000	chr6_122610000_122611000	0	146	121000	3	-0.00735876666666669
chr6_122635000_122636000	chr6_122610000_122611000	0	146	25000	3	-0.00735876666666669
chr6_122322000_122323000	chr6_122610000_122611000	-0.001731	162	-288000	3	-0.00735876666666669
chr6_122320000_122321000	chr6_122610000_122611000	-0.002047	163	-290000	3	-0.00735876666666669
chr6_122694000_122695000	chr6_122610000_122611000	-0.002588	164	84000	3	-0.00735876666666669
chr6_122346000_122347000	chr6_122610000_122611000	-0.002703	165	-264000	3	-0.00735876666666669
chr6_122690000_122691000	chr6_122610000_122611000	-0.002789	166	80000	3	-0.00735876666666669
chr6_122716000_122717000	chr6_122610000_122611000	-0.00405	167	106000	3	-0.00735876666666669
chr6_122546000_122547000	chr6_122610000_122611000	-0.006784	168	-64000	3	-0.00735876666666669
chr6_122742000_122743000	chr6_122610000_122611000	-0.007979	169	132000	3	-0.00735876666666669
chr6_122706000_122707000	chr6_122610000_122611000	-0.007996	170	96000	3	-0.00735876666666669
chr6_122393000_122394000	chr6_122610000_122611000	-0.008104	171	-217000	3	-0.00735876666666669
chr6_122309000_122310000	chr6_122610000_122611000	-0.013766	172	-301000	3	-0.00735876666666669
chr6_122761000_122762000	chr6_122610000_122611000	-0.013818	173	151000	3	-0.00735876666666669
chr6_122772000_122773000	chr6_122610000_122611000	-0.013891	174	162000	3	-0.00735876666666669
chr6_122338000_122339000	chr6_122610000_122611000	-0.021582	175	-272000	3	-0.00735876666666669
chr6_122341000_122342000	chr6_122610000_122611000	-0.022048	176	-269000	3	-0.00735876666666669
chr6_122856000_122857000	chr6_122610000_122611000	-0.028544	177	246000	3	-0.00735876666666669
chr6_122344000_122345000	chr6_122610000_122611000	-0.028571	187	-266000	3	-0.00735876666666669
chr6_122689000_122690000	chr6_122610000_122611000	-0.028571	187	79000	3	-0.00735876666666669
chr6_122618000_122619000	chr6_122610000_122611000	-0.028571	187	8000	3	-0.00735876666666669
chr6_122766000_122767000	chr6_122610000_122611000	-0.028571	187	156000	3	-0.00735876666666669
chr6_122882000_122883000	chr6_122610000_122611000	-0.028571	187	272000	3	-0.00735876666666669
chr6_122528000_122529000	chr6_122610000_122611000	-0.028571	187	-82000	3	-0.00735876666666669
chr6_122545000_122546000	chr6_122610000_122611000	-0.028571	187	-65000	3	-0.00735876666666669
chr6_122732000_122733000	chr6_122610000_122611000	-0.028571	187	122000	3	-0.00735876666666669
chr6_122741000_122742000	chr6_122610000_122611000	-0.028571	187	131000	3	-0.00735876666666669
chr6_122765000_122766000	chr6_122610000_122611000	-0.028571	187	155000	3	-0.00735876666666669
chr6_122812000_122813000	chr6_122610000_122611000	-0.028571	187	202000	3	-0.00735876666666669
chr6_122310000_122311000	chr6_122610000_122611000	-0.028571	187	-300000	3	-0.00735876666666669
chr6_122369000_122370000	chr6_122610000_122611000	-0.028571	187	-241000	3	-0.00735876666666669
chr6_122699000_122700000	chr6_122610000_122611000	-0.028571	187	89000	3	-0.00735876666666669
chr6_122804000_122805000	chr6_122610000_122611000	-0.028571	187	194000	3	-0.00735876666666669
chr6_122820000_122821000	chr6_122610000_122611000	-0.028571	187	210000	3	-0.00735876666666669
chr6_123005000_123006000	chr6_122610000_122611000	-0.028571	187	395000	3	-0.00735876666666669
chr6_122661000_122662000	chr6_122610000_122611000	-0.028571	187	51000	3	-0.00735876666666669
chr6_122935000_122936000	chr6_122610000_122611000	-0.028571	187	325000	3	-0.00735876666666669
chr6_122614000_122615000	chr6_122610000_122611000	-0.031103	197	4000	3	-0.00735876666666669
chr6_122570000_122571000	chr6_122610000_122611000	-0.03379	198	-40000	3	-0.00735876666666669
chr6_122487000_122488000	chr6_122610000_122611000	-0.035096	199	-123000	3	-0.00735876666666669
chr6_122662000_122663000	chr6_122610000_122611000	-0.039587	200	52000	3	-0.00735876666666669
chr6_122737000_122738000	chr6_122610000_122611000	-0.042037	201	127000	3	-0.00735876666666669
chr6_122392000_122393000	chr6_122610000_122611000	-0.052308	202	-218000	3	-0.00735876666666669
chr6_122735000_122736000	chr6_122610000_122611000	-0.05364	203	125000	3	-0.00735876666666669
chr6_122365000_122366000	chr6_122610000_122611000	-0.054583	204	-245000	3	-0.00735876666666669
chr6_122892000_122893000	chr6_122610000_122611000	-0.05529	205	282000	3	-0.00735876666666669
chr6_122591000_122592000	chr6_122610000_122611000	-0.057143	207	-19000	3	-0.00735876666666669
chr6_122686000_122687000	chr6_122610000_122611000	-0.057143	207	76000	3	-0.00735876666666669
chr6_122826000_122827000	chr6_122610000_122611000	-0.057143	207	216000	3	-0.00735876666666669
chr6_122715000_122716000	chr6_122610000_122611000	-0.061572	209	105000	3	-0.00735876666666669
chr6_122494000_122495000	chr6_122610000_122611000	-0.062162	210	-116000	3	-0.00735876666666669
chr6_122780000_122781000	chr6_122610000_122611000	-0.067439	211	170000	3	-0.00735876666666669
chr6_122333000_122334000	chr6_122610000_122611000	-0.068033	212	-277000	3	-0.00735876666666669
chr6_122298000_122299000	chr6_122610000_122611000	-0.085074	213	-312000	3	-0.00735876666666669
chr6_122745000_122746000	chr6_122610000_122611000	-0.090313	214	135000	3	-0.00735876666666669
