interact_region	promoter_region	pred	RF_rank	distance	kmeans	clustmean
chr6_122560000_122561000	chr6_122802000_122803000	0.393276	1	-242000	1	0.278154666666667
chr6_122801000_122802000	chr6_122802000_122803000	0.356438	2	-1000	1	0.278154666666667
chr6_123657000_123658000	chr6_122802000_122803000	0.340618	3	855000	1	0.278154666666667
chr6_122669000_122670000	chr6_122802000_122803000	0.293534	4	-133000	1	0.278154666666667
chr6_122804000_122805000	chr6_122802000_122803000	0.264771	5	2000	1	0.278154666666667
chr6_122392000_122393000	chr6_122802000_122803000	0.225742	6	-410000	1	0.278154666666667
chr6_122625000_122626000	chr6_122802000_122803000	0.223334	7	-177000	1	0.278154666666667
chr6_122402000_122403000	chr6_122802000_122803000	0.21644	8	-400000	1	0.278154666666667
chr6_122627000_122628000	chr6_122802000_122803000	0.189239	9	-175000	1	0.278154666666667
chr6_122690000_122691000	chr6_122802000_122803000	0.177434	10	-112000	2	0.0847455
chr6_122812000_122813000	chr6_122802000_122803000	0.171455	11	10000	2	0.0847455
chr6_122633000_122634000	chr6_122802000_122803000	0.168059	12	-169000	2	0.0847455
chr6_122297000_122298000	chr6_122802000_122803000	0.160406	13	-505000	2	0.0847455
chr6_122318000_122319000	chr6_122802000_122803000	0.15419	14	-484000	2	0.0847455
chr6_122298000_122299000	chr6_122802000_122803000	0.150946	15	-504000	2	0.0847455
chr6_122618000_122619000	chr6_122802000_122803000	0.149372	16	-184000	2	0.0847455
chr6_122523000_122524000	chr6_122802000_122803000	0.146222	17	-279000	2	0.0847455
chr6_122819000_122820000	chr6_122802000_122803000	0.138983	18	17000	2	0.0847455
chr6_122258000_122259000	chr6_122802000_122803000	0.134626	19	-544000	2	0.0847455
chr6_122825000_122826000	chr6_122802000_122803000	0.126281	20	23000	2	0.0847455
chr6_122328000_122329000	chr6_122802000_122803000	0.126081	21	-474000	2	0.0847455
chr6_122565000_122566000	chr6_122802000_122803000	0.124799	22	-237000	2	0.0847455
chr6_122602000_122603000	chr6_122802000_122803000	0.122181	23	-200000	2	0.0847455
chr6_122689000_122690000	chr6_122802000_122803000	0.121044	24	-113000	2	0.0847455
chr6_122811000_122812000	chr6_122802000_122803000	0.120826	25	9000	2	0.0847455
chr6_122820000_122821000	chr6_122802000_122803000	0.10397	26	18000	2	0.0847455
chr6_122833000_122834000	chr6_122802000_122803000	0.101316	27	31000	2	0.0847455
chr6_122308000_122309000	chr6_122802000_122803000	0.100194	28	-494000	2	0.0847455
chr6_122834000_122835000	chr6_122802000_122803000	0.09851	29	32000	2	0.0847455
chr6_122343000_122344000	chr6_122802000_122803000	0.097809	30	-459000	2	0.0847455
chr6_122126000_122127000	chr6_122802000_122803000	0.097693	31	-676000	2	0.0847455
chr6_122494000_122495000	chr6_122802000_122803000	0.096464	32	-308000	2	0.0847455
chr6_122463000_122464000	chr6_122802000_122803000	0.096161	33	-339000	2	0.0847455
chr6_122562000_122563000	chr6_122802000_122803000	0.094938	34	-240000	2	0.0847455
chr6_122856000_122857000	chr6_122802000_122803000	0.094264	35	54000	2	0.0847455
chr6_122821000_122822000	chr6_122802000_122803000	0.091433	36	19000	2	0.0847455
chr6_122305000_122306000	chr6_122802000_122803000	0.090599	37	-497000	2	0.0847455
chr6_122365000_122366000	chr6_122802000_122803000	0.083263	38	-437000	2	0.0847455
chr6_122259000_122260000	chr6_122802000_122803000	0.080881	39	-543000	2	0.0847455
chr6_122824000_122825000	chr6_122802000_122803000	0.079817	40	22000	2	0.0847455
chr6_122495000_122496000	chr6_122802000_122803000	0.077621	41	-307000	2	0.0847455
chr6_122635000_122636000	chr6_122802000_122803000	0.076748	42	-167000	2	0.0847455
chr6_122595000_122596000	chr6_122802000_122803000	0.075734	43	-207000	2	0.0847455
chr6_122935000_122936000	chr6_122802000_122803000	0.075395	44	133000	2	0.0847455
chr6_122892000_122893000	chr6_122802000_122803000	0.07349	45	90000	2	0.0847455
chr6_122719000_122720000	chr6_122802000_122803000	0.072703	46	-83000	2	0.0847455
chr6_122720000_122721000	chr6_122802000_122803000	0.071885	47	-82000	2	0.0847455
chr6_122312000_122313000	chr6_122802000_122803000	0.070828	48	-490000	2	0.0847455
chr6_122614000_122615000	chr6_122802000_122803000	0.069394	49	-188000	2	0.0847455
chr6_122368000_122369000	chr6_122802000_122803000	0.068672	50	-434000	2	0.0847455
chr6_122570000_122571000	chr6_122802000_122803000	0.068373	51	-232000	2	0.0847455
chr6_122624000_122625000	chr6_122802000_122803000	0.067864	52	-178000	2	0.0847455
chr6_122336000_122337000	chr6_122802000_122803000	0.067496	53	-466000	2	0.0847455
chr6_123795000_123796000	chr6_122802000_122803000	0.06537	54	993000	2	0.0847455
chr6_122316000_122317000	chr6_122802000_122803000	0.062827	55	-486000	2	0.0847455
chr6_122741000_122742000	chr6_122802000_122803000	0.060335	56	-61000	2	0.0847455
chr6_122653000_122654000	chr6_122802000_122803000	0.057143	60	-149000	2	0.0847455
chr6_122325000_122326000	chr6_122802000_122803000	0.057143	60	-477000	2	0.0847455
chr6_122367000_122368000	chr6_122802000_122803000	0.057143	60	-435000	2	0.0847455
chr6_122439000_122440000	chr6_122802000_122803000	0.057143	60	-363000	2	0.0847455
chr6_122628000_122629000	chr6_122802000_122803000	0.057143	60	-174000	2	0.0847455
chr6_122670000_122671000	chr6_122802000_122803000	0.057143	60	-132000	2	0.0847455
chr6_122795000_122796000	chr6_122802000_122803000	0.057143	60	-7000	2	0.0847455
chr6_122335000_122336000	chr6_122802000_122803000	0.057137	64	-467000	2	0.0847455
chr6_122485000_122486000	chr6_122802000_122803000	0.056996	65	-317000	2	0.0847455
chr6_122869000_122870000	chr6_122802000_122803000	0.055615	66	67000	2	0.0847455
chr6_122345000_122346000	chr6_122802000_122803000	0.054046	67	-457000	2	0.0847455
chr6_122513000_122514000	chr6_122802000_122803000	0.054019	68	-289000	2	0.0847455
chr6_122320000_122321000	chr6_122802000_122803000	0.053479	69	-482000	2	0.0847455
chr6_122610000_122611000	chr6_122802000_122803000	0.05251	70	-192000	2	0.0847455
chr6_122322000_122323000	chr6_122802000_122803000	0.049436	71	-480000	2	0.0847455
chr6_122571000_122572000	chr6_122802000_122803000	0.049301	72	-231000	2	0.0847455
chr6_122561000_122562000	chr6_122802000_122803000	0.046173	73	-241000	2	0.0847455
chr6_122659000_122660000	chr6_122802000_122803000	0.045919	74	-143000	2	0.0847455
chr6_122640000_122641000	chr6_122802000_122803000	0.045337	75	-162000	2	0.0847455
chr6_122626000_122627000	chr6_122802000_122803000	0.044865	76	-176000	2	0.0847455
chr6_122760000_122761000	chr6_122802000_122803000	0.044529	77	-42000	2	0.0847455
chr6_122609000_122610000	chr6_122802000_122803000	0.043775	78	-193000	2	0.0847455
chr6_122521000_122522000	chr6_122802000_122803000	0.043358	79	-281000	2	0.0847455
chr6_123328000_123329000	chr6_122802000_122803000	0.04075	80	526000	2	0.0847455
chr6_122391000_122392000	chr6_122802000_122803000	0.039478	81	-411000	2	0.0847455
chr6_122304000_122305000	chr6_122802000_122803000	0.035845	82	-498000	3	-0.00963112765957447
chr6_122319000_122320000	chr6_122802000_122803000	0.032166	83	-483000	3	-0.00963112765957447
chr6_122713000_122714000	chr6_122802000_122803000	0.03145	84	-89000	3	-0.00963112765957447
chr6_122315000_122316000	chr6_122802000_122803000	0.031097	85	-487000	3	-0.00963112765957447
chr6_122557000_122558000	chr6_122802000_122803000	0.029303	86	-245000	3	-0.00963112765957447
chr6_122617000_122618000	chr6_122802000_122803000	0.028819	87	-185000	3	-0.00963112765957447
chr6_122729000_122730000	chr6_122802000_122803000	0.028571	94.5	-73000	3	-0.00963112765957447
chr6_122745000_122746000	chr6_122802000_122803000	0.028571	94.5	-57000	3	-0.00963112765957447
chr6_123647000_123648000	chr6_122802000_122803000	0.028571	94.5	845000	3	-0.00963112765957447
chr6_122553000_122554000	chr6_122802000_122803000	0.028571	94.5	-249000	3	-0.00963112765957447
chr6_122667000_122668000	chr6_122802000_122803000	0.028571	94.5	-135000	3	-0.00963112765957447
chr6_122706000_122707000	chr6_122802000_122803000	0.028571	94.5	-96000	3	-0.00963112765957447
chr6_122766000_122767000	chr6_122802000_122803000	0.028571	94.5	-36000	3	-0.00963112765957447
chr6_122786000_122787000	chr6_122802000_122803000	0.028571	94.5	-16000	3	-0.00963112765957447
chr6_122870000_122871000	chr6_122802000_122803000	0.028571	94.5	68000	3	-0.00963112765957447
chr6_123332000_123333000	chr6_122802000_122803000	0.028571	94.5	530000	3	-0.00963112765957447
chr6_123646000_123647000	chr6_122802000_122803000	0.028571	94.5	844000	3	-0.00963112765957447
chr6_122366000_122367000	chr6_122802000_122803000	0.028571	94.5	-436000	3	-0.00963112765957447
chr6_122492000_122493000	chr6_122802000_122803000	0.028571	94.5	-310000	3	-0.00963112765957447
chr6_122826000_122827000	chr6_122802000_122803000	0.028571	94.5	24000	3	-0.00963112765957447
chr6_122554000_122555000	chr6_122802000_122803000	0.028264	102	-248000	3	-0.00963112765957447
chr6_122496000_122497000	chr6_122802000_122803000	0.025233	103	-306000	3	-0.00963112765957447
chr6_122338000_122339000	chr6_122802000_122803000	0.023626	104	-464000	3	-0.00963112765957447
chr6_122699000_122700000	chr6_122802000_122803000	0.0223	105	-103000	3	-0.00963112765957447
chr6_122600000_122601000	chr6_122802000_122803000	0.018025	106	-202000	3	-0.00963112765957447
chr6_122341000_122342000	chr6_122802000_122803000	0.017979	107	-461000	3	-0.00963112765957447
chr6_122545000_122546000	chr6_122802000_122803000	0.01688	108	-257000	3	-0.00963112765957447
chr6_123697000_123698000	chr6_122802000_122803000	0.013172	109	895000	3	-0.00963112765957447
chr6_122295000_122296000	chr6_122802000_122803000	0.013121	110	-507000	3	-0.00963112765957447
chr6_122321000_122322000	chr6_122802000_122803000	0.012	111	-481000	3	-0.00963112765957447
chr6_122666000_122667000	chr6_122802000_122803000	0.011574	112	-136000	3	-0.00963112765957447
chr6_122342000_122343000	chr6_122802000_122803000	0.009712	113	-460000	3	-0.00963112765957447
chr6_122771000_122772000	chr6_122802000_122803000	0.008865	114	-31000	3	-0.00963112765957447
chr6_122309000_122310000	chr6_122802000_122803000	0.00826	115	-493000	3	-0.00963112765957447
chr6_122469000_122470000	chr6_122802000_122803000	0.006484	116	-333000	3	-0.00963112765957447
chr6_122882000_122883000	chr6_122802000_122803000	0.00587	117	80000	3	-0.00963112765957447
chr6_122378000_122379000	chr6_122802000_122803000	0.003806	118	-424000	3	-0.00963112765957447
chr6_122593000_122594000	chr6_122802000_122803000	0.001713	119	-209000	3	-0.00963112765957447
chr6_122346000_122347000	chr6_122802000_122803000	0.000737	120	-456000	3	-0.00963112765957447
chr6_122313000_122314000	chr6_122802000_122803000	0.000282	121	-489000	3	-0.00963112765957447
chr6_122661000_122662000	chr6_122802000_122803000	0	140	-141000	3	-0.00963112765957447
chr6_122735000_122736000	chr6_122802000_122803000	0	140	-67000	3	-0.00963112765957447
chr6_122337000_122338000	chr6_122802000_122803000	0	140	-465000	3	-0.00963112765957447
chr6_122686000_122687000	chr6_122802000_122803000	0	140	-116000	3	-0.00963112765957447
chr6_122356000_122357000	chr6_122802000_122803000	0	140	-446000	3	-0.00963112765957447
chr6_122471000_122472000	chr6_122802000_122803000	0	140	-331000	3	-0.00963112765957447
chr6_122486000_122487000	chr6_122802000_122803000	0	140	-316000	3	-0.00963112765957447
chr6_122522000_122523000	chr6_122802000_122803000	0	140	-280000	3	-0.00963112765957447
chr6_122528000_122529000	chr6_122802000_122803000	0	140	-274000	3	-0.00963112765957447
chr6_122605000_122606000	chr6_122802000_122803000	0	140	-197000	3	-0.00963112765957447
chr6_122606000_122607000	chr6_122802000_122803000	0	140	-196000	3	-0.00963112765957447
chr6_122607000_122608000	chr6_122802000_122803000	0	140	-195000	3	-0.00963112765957447
chr6_122636000_122637000	chr6_122802000_122803000	0	140	-166000	3	-0.00963112765957447
chr6_122660000_122661000	chr6_122802000_122803000	0	140	-142000	3	-0.00963112765957447
chr6_122663000_122664000	chr6_122802000_122803000	0	140	-139000	3	-0.00963112765957447
chr6_122696000_122697000	chr6_122802000_122803000	0	140	-106000	3	-0.00963112765957447
chr6_122703000_122704000	chr6_122802000_122803000	0	140	-99000	3	-0.00963112765957447
chr6_122707000_122708000	chr6_122802000_122803000	0	140	-95000	3	-0.00963112765957447
chr6_122727000_122728000	chr6_122802000_122803000	0	140	-75000	3	-0.00963112765957447
chr6_122731000_122732000	chr6_122802000_122803000	0	140	-71000	3	-0.00963112765957447
chr6_122742000_122743000	chr6_122802000_122803000	0	140	-60000	3	-0.00963112765957447
chr6_122743000_122744000	chr6_122802000_122803000	0	140	-59000	3	-0.00963112765957447
chr6_122744000_122745000	chr6_122802000_122803000	0	140	-58000	3	-0.00963112765957447
chr6_122763000_122764000	chr6_122802000_122803000	0	140	-39000	3	-0.00963112765957447
chr6_122764000_122765000	chr6_122802000_122803000	0	140	-38000	3	-0.00963112765957447
chr6_122765000_122766000	chr6_122802000_122803000	0	140	-37000	3	-0.00963112765957447
chr6_122769000_122770000	chr6_122802000_122803000	0	140	-33000	3	-0.00963112765957447
chr6_122770000_122771000	chr6_122802000_122803000	0	140	-32000	3	-0.00963112765957447
chr6_122780000_122781000	chr6_122802000_122803000	0	140	-22000	3	-0.00963112765957447
chr6_122989000_122990000	chr6_122802000_122803000	0	140	187000	3	-0.00963112765957447
chr6_123004000_123005000	chr6_122802000_122803000	0	140	202000	3	-0.00963112765957447
chr6_123138000_123139000	chr6_122802000_122803000	0	140	336000	3	-0.00963112765957447
chr6_123327000_123328000	chr6_122802000_122803000	0	140	525000	3	-0.00963112765957447
chr6_123785000_123786000	chr6_122802000_122803000	0	140	983000	3	-0.00963112765957447
chr6_123793000_123794000	chr6_122802000_122803000	0	140	991000	3	-0.00963112765957447
chr6_122608000_122609000	chr6_122802000_122803000	0	140	-194000	3	-0.00963112765957447
chr6_122761000_122762000	chr6_122802000_122803000	0	140	-41000	3	-0.00963112765957447
chr6_122323000_122324000	chr6_122802000_122803000	-0.000567	159	-479000	3	-0.00963112765957447
chr6_122758000_122759000	chr6_122802000_122803000	-0.000991	160	-44000	3	-0.00963112765957447
chr6_122546000_122547000	chr6_122802000_122803000	-0.001561	161	-256000	3	-0.00963112765957447
chr6_122331000_122332000	chr6_122802000_122803000	-0.004302	162	-471000	3	-0.00963112765957447
chr6_122694000_122695000	chr6_122802000_122803000	-0.006353	163	-108000	3	-0.00963112765957447
chr6_122768000_122769000	chr6_122802000_122803000	-0.00725	164	-34000	3	-0.00963112765957447
chr6_122310000_122311000	chr6_122802000_122803000	-0.008853	165	-492000	3	-0.00963112765957447
chr6_122531000_122532000	chr6_122802000_122803000	-0.011032	166	-271000	3	-0.00963112765957447
chr6_122344000_122345000	chr6_122802000_122803000	-0.013726	167	-458000	3	-0.00963112765957447
chr6_122698000_122699000	chr6_122802000_122803000	-0.016987	168	-104000	3	-0.00963112765957447
chr6_122702000_122703000	chr6_122802000_122803000	-0.021191	169	-100000	3	-0.00963112765957447
chr6_123137000_123138000	chr6_122802000_122803000	-0.022704	170	335000	3	-0.00963112765957447
chr6_122732000_122733000	chr6_122802000_122803000	-0.022888	171	-70000	3	-0.00963112765957447
chr6_122767000_122768000	chr6_122802000_122803000	-0.025017	172	-35000	3	-0.00963112765957447
chr6_122355000_122356000	chr6_122802000_122803000	-0.027617	173	-447000	3	-0.00963112765957447
chr6_122332000_122333000	chr6_122802000_122803000	-0.027832	174	-470000	3	-0.00963112765957447
chr6_122874000_122875000	chr6_122802000_122803000	-0.028352	175	72000	3	-0.00963112765957447
chr6_122334000_122335000	chr6_122802000_122803000	-0.028571	188	-468000	3	-0.00963112765957447
chr6_122712000_122713000	chr6_122802000_122803000	-0.028571	188	-90000	3	-0.00963112765957447
chr6_122708000_122709000	chr6_122802000_122803000	-0.028571	188	-94000	3	-0.00963112765957447
chr6_122715000_122716000	chr6_122802000_122803000	-0.028571	188	-87000	3	-0.00963112765957447
chr6_122726000_122727000	chr6_122802000_122803000	-0.028571	188	-76000	3	-0.00963112765957447
chr6_122773000_122774000	chr6_122802000_122803000	-0.028571	188	-29000	3	-0.00963112765957447
chr6_122632000_122633000	chr6_122802000_122803000	-0.028571	188	-170000	3	-0.00963112765957447
chr6_122664000_122665000	chr6_122802000_122803000	-0.028571	188	-138000	3	-0.00963112765957447
chr6_122734000_122735000	chr6_122802000_122803000	-0.028571	188	-68000	3	-0.00963112765957447
chr6_122759000_122760000	chr6_122802000_122803000	-0.028571	188	-43000	3	-0.00963112765957447
chr6_122762000_122763000	chr6_122802000_122803000	-0.028571	188	-40000	3	-0.00963112765957447
chr6_122772000_122773000	chr6_122802000_122803000	-0.028571	188	-30000	3	-0.00963112765957447
chr6_122782000_122783000	chr6_122802000_122803000	-0.028571	188	-20000	3	-0.00963112765957447
chr6_123005000_123006000	chr6_122802000_122803000	-0.028571	188	203000	3	-0.00963112765957447
chr6_123340000_123341000	chr6_122802000_122803000	-0.028571	188	538000	3	-0.00963112765957447
chr6_123696000_123697000	chr6_122802000_122803000	-0.028571	188	894000	3	-0.00963112765957447
chr6_122716000_122717000	chr6_122802000_122803000	-0.028571	188	-86000	3	-0.00963112765957447
chr6_122728000_122729000	chr6_122802000_122803000	-0.028571	188	-74000	3	-0.00963112765957447
chr6_122739000_122740000	chr6_122802000_122803000	-0.028571	188	-63000	3	-0.00963112765957447
chr6_122784000_122785000	chr6_122802000_122803000	-0.028571	188	-18000	3	-0.00963112765957447
chr6_123784000_123785000	chr6_122802000_122803000	-0.028571	188	982000	3	-0.00963112765957447
chr6_122591000_122592000	chr6_122802000_122803000	-0.028571	188	-211000	3	-0.00963112765957447
chr6_122730000_122731000	chr6_122802000_122803000	-0.028571	188	-72000	3	-0.00963112765957447
chr6_122875000_122876000	chr6_122802000_122803000	-0.028571	188	73000	3	-0.00963112765957447
chr6_122393000_122394000	chr6_122802000_122803000	-0.028571	188	-409000	3	-0.00963112765957447
chr6_122737000_122738000	chr6_122802000_122803000	-0.029327	201	-65000	3	-0.00963112765957447
chr6_122598000_122599000	chr6_122802000_122803000	-0.032533	202	-204000	3	-0.00963112765957447
chr6_122740000_122741000	chr6_122802000_122803000	-0.035485	203	-62000	3	-0.00963112765957447
chr6_122333000_122334000	chr6_122802000_122803000	-0.036614	204	-469000	3	-0.00963112765957447
chr6_122709000_122710000	chr6_122802000_122803000	-0.037285	205	-93000	3	-0.00963112765957447
chr6_122491000_122492000	chr6_122802000_122803000	-0.039994	206	-311000	3	-0.00963112765957447
chr6_122810000_122811000	chr6_122802000_122803000	-0.04036	207	8000	3	-0.00963112765957447
chr6_122487000_122488000	chr6_122802000_122803000	-0.040822	208	-315000	3	-0.00963112765957447
chr6_122785000_122786000	chr6_122802000_122803000	-0.044442	209	-17000	3	-0.00963112765957447
chr6_122317000_122318000	chr6_122802000_122803000	-0.045562	210	-485000	3	-0.00963112765957447
chr6_122329000_122330000	chr6_122802000_122803000	-0.045957	211	-473000	3	-0.00963112765957447
chr6_122347000_122348000	chr6_122802000_122803000	-0.046614	212	-455000	3	-0.00963112765957447
chr6_122339000_122340000	chr6_122802000_122803000	-0.051955	213	-463000	3	-0.00963112765957447
chr6_122662000_122663000	chr6_122802000_122803000	-0.057143	214.5	-140000	3	-0.00963112765957447
chr6_122828000_122829000	chr6_122802000_122803000	-0.057143	214.5	26000	3	-0.00963112765957447
chr6_122532000_122533000	chr6_122802000_122803000	-0.061607	216	-270000	3	-0.00963112765957447
chr6_122505000_122506000	chr6_122802000_122803000	-0.072668	217	-297000	3	-0.00963112765957447
chr6_122369000_122370000	chr6_122802000_122803000	-0.08053	218	-433000	3	-0.00963112765957447
chr6_122340000_122341000	chr6_122802000_122803000	-0.085714	219	-462000	3	-0.00963112765957447
chr6_122314000_122315000	chr6_122802000_122803000	-0.089515	220	-488000	3	-0.00963112765957447
chr6_122533000_122534000	chr6_122802000_122803000	-0.100671	221	-269000	3	-0.00963112765957447
chr6_122883000_122884000	chr6_122802000_122803000	-0.101127	222	81000	3	-0.00963112765957447
