interact_region	promoter_region	pred	RF_rank	distance	kmeans	clustmean
chr6_122728000_122729000	chr6_122732000_122733000	0.378895	1	-4000	1	0.202679307692308
chr6_122734000_122735000	chr6_122732000_122733000	0.288373	2	2000	1	0.202679307692308
chr6_122729000_122730000	chr6_122732000_122733000	0.275766	3	-3000	1	0.202679307692308
chr6_122715000_122716000	chr6_122732000_122733000	0.274906	4	-17000	1	0.202679307692308
chr6_122727000_122728000	chr6_122732000_122733000	0.249746	5	-5000	1	0.202679307692308
chr6_123005000_123006000	chr6_122732000_122733000	0.243404	6	273000	1	0.202679307692308
chr6_122707000_122708000	chr6_122732000_122733000	0.23043	7	-25000	1	0.202679307692308
chr6_122686000_122687000	chr6_122732000_122733000	0.219384	8	-46000	1	0.202679307692308
chr6_122347000_122348000	chr6_122732000_122733000	0.207965	9	-385000	1	0.202679307692308
chr6_122626000_122627000	chr6_122732000_122733000	0.20064	10	-106000	1	0.202679307692308
chr6_122471000_122472000	chr6_122732000_122733000	0.200201	11	-261000	1	0.202679307692308
chr6_122731000_122732000	chr6_122732000_122733000	0.194698	12	-1000	1	0.202679307692308
chr6_122735000_122736000	chr6_122732000_122733000	0.194388	13	3000	1	0.202679307692308
chr6_122716000_122717000	chr6_122732000_122733000	0.19369	14	-16000	1	0.202679307692308
chr6_122591000_122592000	chr6_122732000_122733000	0.186553	15	-141000	1	0.202679307692308
chr6_122770000_122771000	chr6_122732000_122733000	0.185217	16	38000	1	0.202679307692308
chr6_122726000_122727000	chr6_122732000_122733000	0.174607	17	-6000	1	0.202679307692308
chr6_122712000_122713000	chr6_122732000_122733000	0.164543	18	-20000	1	0.202679307692308
chr6_122632000_122633000	chr6_122732000_122733000	0.161881	19	-100000	1	0.202679307692308
chr6_122708000_122709000	chr6_122732000_122733000	0.161526	20	-24000	1	0.202679307692308
chr6_122730000_122731000	chr6_122732000_122733000	0.154526	21	-2000	1	0.202679307692308
chr6_122346000_122347000	chr6_122732000_122733000	0.152842	22	-386000	1	0.202679307692308
chr6_122745000_122746000	chr6_122732000_122733000	0.150989	23	13000	1	0.202679307692308
chr6_122706000_122707000	chr6_122732000_122733000	0.14722	24	-26000	1	0.202679307692308
chr6_122763000_122764000	chr6_122732000_122733000	0.143899	25	31000	1	0.202679307692308
chr6_122744000_122745000	chr6_122732000_122733000	0.133373	26	12000	1	0.202679307692308
chr6_122653000_122654000	chr6_122732000_122733000	0.127139	27	-79000	2	0.0607618941176471
chr6_122713000_122714000	chr6_122732000_122733000	0.126661	28	-19000	2	0.0607618941176471
chr6_122780000_122781000	chr6_122732000_122733000	0.126152	29	48000	2	0.0607618941176471
chr6_122494000_122495000	chr6_122732000_122733000	0.126098	30	-238000	2	0.0607618941176471
chr6_122126000_122127000	chr6_122732000_122733000	0.125514	31	-606000	2	0.0607618941176471
chr6_122664000_122665000	chr6_122732000_122733000	0.112233	32	-68000	2	0.0607618941176471
chr6_122485000_122486000	chr6_122732000_122733000	0.105659	33	-247000	2	0.0607618941176471
chr6_122694000_122695000	chr6_122732000_122733000	0.10207	34	-38000	2	0.0607618941176471
chr6_122768000_122769000	chr6_122732000_122733000	0.100896	35	36000	2	0.0607618941176471
chr6_122606000_122607000	chr6_122732000_122733000	0.100103	36	-126000	2	0.0607618941176471
chr6_122365000_122366000	chr6_122732000_122733000	0.099502	37	-367000	2	0.0607618941176471
chr6_122771000_122772000	chr6_122732000_122733000	0.098162	38	39000	2	0.0607618941176471
chr6_122767000_122768000	chr6_122732000_122733000	0.097962	39	35000	2	0.0607618941176471
chr6_123657000_123658000	chr6_122732000_122733000	0.097423	40	925000	2	0.0607618941176471
chr6_122769000_122770000	chr6_122732000_122733000	0.097274	41	37000	2	0.0607618941176471
chr6_122702000_122703000	chr6_122732000_122733000	0.096751	42	-30000	2	0.0607618941176471
chr6_122491000_122492000	chr6_122732000_122733000	0.092242	43	-241000	2	0.0607618941176471
chr6_122486000_122487000	chr6_122732000_122733000	0.090933	44	-246000	2	0.0607618941176471
chr6_122342000_122343000	chr6_122732000_122733000	0.090347	45	-390000	2	0.0607618941176471
chr6_122315000_122316000	chr6_122732000_122733000	0.089107	46	-417000	2	0.0607618941176471
chr6_122773000_122774000	chr6_122732000_122733000	0.088761	47	41000	2	0.0607618941176471
chr6_122513000_122514000	chr6_122732000_122733000	0.087029	48	-219000	2	0.0607618941176471
chr6_122322000_122323000	chr6_122732000_122733000	0.086791	49	-410000	2	0.0607618941176471
chr6_122323000_122324000	chr6_122732000_122733000	0.085737	50	-409000	2	0.0607618941176471
chr6_122325000_122326000	chr6_122732000_122733000	0.085521	51	-407000	2	0.0607618941176471
chr6_122719000_122720000	chr6_122732000_122733000	0.085093	52	-13000	2	0.0607618941176471
chr6_122528000_122529000	chr6_122732000_122733000	0.078344	53	-204000	2	0.0607618941176471
chr6_123696000_123697000	chr6_122732000_122733000	0.076035	54	964000	2	0.0607618941176471
chr6_122333000_122334000	chr6_122732000_122733000	0.074232	55	-399000	2	0.0607618941176471
chr6_122259000_122260000	chr6_122732000_122733000	0.072485	56	-473000	2	0.0607618941176471
chr6_122367000_122368000	chr6_122732000_122733000	0.072101	57	-365000	2	0.0607618941176471
chr6_122739000_122740000	chr6_122732000_122733000	0.07003	58	7000	2	0.0607618941176471
chr6_122636000_122637000	chr6_122732000_122733000	0.068821	59	-96000	2	0.0607618941176471
chr6_122742000_122743000	chr6_122732000_122733000	0.066226	60	10000	2	0.0607618941176471
chr6_122321000_122322000	chr6_122732000_122733000	0.062924	61	-411000	2	0.0607618941176471
chr6_122336000_122337000	chr6_122732000_122733000	0.059151	62	-396000	2	0.0607618941176471
chr6_122521000_122522000	chr6_122732000_122733000	0.057613	63	-211000	2	0.0607618941176471
chr6_122608000_122609000	chr6_122732000_122733000	0.057217	64	-124000	2	0.0607618941176471
chr6_122892000_122893000	chr6_122732000_122733000	0.057199	65	160000	2	0.0607618941176471
chr6_122496000_122497000	chr6_122732000_122733000	0.057143	67.5	-236000	2	0.0607618941176471
chr6_122309000_122310000	chr6_122732000_122733000	0.057143	67.5	-423000	2	0.0607618941176471
chr6_122743000_122744000	chr6_122732000_122733000	0.057143	67.5	11000	2	0.0607618941176471
chr6_122869000_122870000	chr6_122732000_122733000	0.057143	67.5	137000	2	0.0607618941176471
chr6_122368000_122369000	chr6_122732000_122733000	0.056641	70	-364000	2	0.0607618941176471
chr6_122312000_122313000	chr6_122732000_122733000	0.056292	71	-420000	2	0.0607618941176471
chr6_122304000_122305000	chr6_122732000_122733000	0.054718	72	-428000	2	0.0607618941176471
chr6_122624000_122625000	chr6_122732000_122733000	0.053703	73	-108000	2	0.0607618941176471
chr6_122561000_122562000	chr6_122732000_122733000	0.048439	74	-171000	2	0.0607618941176471
chr6_122662000_122663000	chr6_122732000_122733000	0.048104	75	-70000	2	0.0607618941176471
chr6_122355000_122356000	chr6_122732000_122733000	0.047837	76	-377000	2	0.0607618941176471
chr6_122764000_122765000	chr6_122732000_122733000	0.04779	77	32000	2	0.0607618941176471
chr6_122344000_122345000	chr6_122732000_122733000	0.046839	78	-388000	2	0.0607618941176471
chr6_122600000_122601000	chr6_122732000_122733000	0.045869	79	-132000	2	0.0607618941176471
chr6_122593000_122594000	chr6_122732000_122733000	0.045693	80	-139000	2	0.0607618941176471
chr6_122492000_122493000	chr6_122732000_122733000	0.04271	81	-240000	2	0.0607618941176471
chr6_122393000_122394000	chr6_122732000_122733000	0.041975	82	-339000	2	0.0607618941176471
chr6_122661000_122662000	chr6_122732000_122733000	0.040986	83	-71000	2	0.0607618941176471
chr6_122523000_122524000	chr6_122732000_122733000	0.039276	84	-209000	2	0.0607618941176471
chr6_122640000_122641000	chr6_122732000_122733000	0.039129	85	-92000	2	0.0607618941176471
chr6_122335000_122336000	chr6_122732000_122733000	0.03539	86	-397000	2	0.0607618941176471
chr6_122784000_122785000	chr6_122732000_122733000	0.034016	87	52000	2	0.0607618941176471
chr6_122762000_122763000	chr6_122732000_122733000	0.03086	88	30000	2	0.0607618941176471
chr6_122341000_122342000	chr6_122732000_122733000	0.029541	89	-391000	2	0.0607618941176471
chr6_122439000_122440000	chr6_122732000_122733000	0.029521	90	-293000	2	0.0607618941176471
chr6_122670000_122671000	chr6_122732000_122733000	0.028844	91	-62000	2	0.0607618941176471
chr6_122595000_122596000	chr6_122732000_122733000	0.028571	95	-137000	2	0.0607618941176471
chr6_122760000_122761000	chr6_122732000_122733000	0.028571	95	28000	2	0.0607618941176471
chr6_122804000_122805000	chr6_122732000_122733000	0.028571	95	72000	2	0.0607618941176471
chr6_122811000_122812000	chr6_122732000_122733000	0.028571	95	79000	2	0.0607618941176471
chr6_122833000_122834000	chr6_122732000_122733000	0.028571	95	101000	2	0.0607618941176471
chr6_122667000_122668000	chr6_122732000_122733000	0.028571	95	-65000	2	0.0607618941176471
chr6_123697000_123698000	chr6_122732000_122733000	0.028571	95	965000	2	0.0607618941176471
chr6_122392000_122393000	chr6_122732000_122733000	0.028099	99	-340000	2	0.0607618941176471
chr6_122343000_122344000	chr6_122732000_122733000	0.02791	100	-389000	2	0.0607618941176471
chr6_122614000_122615000	chr6_122732000_122733000	0.025761	101	-118000	2	0.0607618941176471
chr6_122319000_122320000	chr6_122732000_122733000	0.025471	102	-413000	2	0.0607618941176471
chr6_122334000_122335000	chr6_122732000_122733000	0.025152	103	-398000	2	0.0607618941176471
chr6_122826000_122827000	chr6_122732000_122733000	0.024426	104	94000	2	0.0607618941176471
chr6_122633000_122634000	chr6_122732000_122733000	0.022427	105	-99000	2	0.0607618941176471
chr6_122378000_122379000	chr6_122732000_122733000	0.021574	106	-354000	2	0.0607618941176471
chr6_122720000_122721000	chr6_122732000_122733000	0.02043	107	-12000	2	0.0607618941176471
chr6_122737000_122738000	chr6_122732000_122733000	0.020193	108	5000	2	0.0607618941176471
chr6_122659000_122660000	chr6_122732000_122733000	0.02002	109	-73000	2	0.0607618941176471
chr6_122761000_122762000	chr6_122732000_122733000	0.01876	110	29000	2	0.0607618941176471
chr6_122628000_122629000	chr6_122732000_122733000	0.018258	111	-104000	2	0.0607618941176471
chr6_122660000_122661000	chr6_122732000_122733000	0.013123	112	-72000	3	-0.0288853177570094
chr6_122635000_122636000	chr6_122732000_122733000	0.01014	113	-97000	3	-0.0288853177570094
chr6_122337000_122338000	chr6_122732000_122733000	0.009026	114	-395000	3	-0.0288853177570094
chr6_123327000_123328000	chr6_122732000_122733000	0.008096	115	595000	3	-0.0288853177570094
chr6_122320000_122321000	chr6_122732000_122733000	0.004642	116	-412000	3	-0.0288853177570094
chr6_122522000_122523000	chr6_122732000_122733000	0.003689	117	-210000	3	-0.0288853177570094
chr6_122598000_122599000	chr6_122732000_122733000	0.002749	118	-134000	3	-0.0288853177570094
chr6_122328000_122329000	chr6_122732000_122733000	0.001466	119	-404000	3	-0.0288853177570094
chr6_122883000_122884000	chr6_122732000_122733000	0.0011	120	151000	3	-0.0288853177570094
chr6_122332000_122333000	chr6_122732000_122733000	0.000926	121	-400000	3	-0.0288853177570094
chr6_122802000_122803000	chr6_122732000_122733000	0.000421	122	70000	3	-0.0288853177570094
chr6_122297000_122298000	chr6_122732000_122733000	0.000285	123	-435000	3	-0.0288853177570094
chr6_122819000_122820000	chr6_122732000_122733000	0	134.5	87000	3	-0.0288853177570094
chr6_122531000_122532000	chr6_122732000_122733000	0	134.5	-201000	3	-0.0288853177570094
chr6_122487000_122488000	chr6_122732000_122733000	0	134.5	-245000	3	-0.0288853177570094
chr6_122533000_122534000	chr6_122732000_122733000	0	134.5	-199000	3	-0.0288853177570094
chr6_122554000_122555000	chr6_122732000_122733000	0	134.5	-178000	3	-0.0288853177570094
chr6_122565000_122566000	chr6_122732000_122733000	0	134.5	-167000	3	-0.0288853177570094
chr6_122570000_122571000	chr6_122732000_122733000	0	134.5	-162000	3	-0.0288853177570094
chr6_122571000_122572000	chr6_122732000_122733000	0	134.5	-161000	3	-0.0288853177570094
chr6_122609000_122610000	chr6_122732000_122733000	0	134.5	-123000	3	-0.0288853177570094
chr6_122666000_122667000	chr6_122732000_122733000	0	134.5	-66000	3	-0.0288853177570094
chr6_122810000_122811000	chr6_122732000_122733000	0	134.5	78000	3	-0.0288853177570094
chr6_122825000_122826000	chr6_122732000_122733000	0	134.5	93000	3	-0.0288853177570094
chr6_122834000_122835000	chr6_122732000_122733000	0	134.5	102000	3	-0.0288853177570094
chr6_122856000_122857000	chr6_122732000_122733000	0	134.5	124000	3	-0.0288853177570094
chr6_122870000_122871000	chr6_122732000_122733000	0	134.5	138000	3	-0.0288853177570094
chr6_122875000_122876000	chr6_122732000_122733000	0	134.5	143000	3	-0.0288853177570094
chr6_122935000_122936000	chr6_122732000_122733000	0	134.5	203000	3	-0.0288853177570094
chr6_123138000_123139000	chr6_122732000_122733000	0	134.5	406000	3	-0.0288853177570094
chr6_122605000_122606000	chr6_122732000_122733000	0	134.5	-127000	3	-0.0288853177570094
chr6_122765000_122766000	chr6_122732000_122733000	0	134.5	33000	3	-0.0288853177570094
chr6_123328000_123329000	chr6_122732000_122733000	0	134.5	596000	3	-0.0288853177570094
chr6_122801000_122802000	chr6_122732000_122733000	0	134.5	69000	3	-0.0288853177570094
chr6_122786000_122787000	chr6_122732000_122733000	-0.000025	146	54000	3	-0.0288853177570094
chr6_122391000_122392000	chr6_122732000_122733000	-0.000664	147	-341000	3	-0.0288853177570094
chr6_122698000_122699000	chr6_122732000_122733000	-0.004802	148	-34000	3	-0.0288853177570094
chr6_122546000_122547000	chr6_122732000_122733000	-0.004887	149	-186000	3	-0.0288853177570094
chr6_122305000_122306000	chr6_122732000_122733000	-0.008705	150	-427000	3	-0.0288853177570094
chr6_122795000_122796000	chr6_122732000_122733000	-0.009459	151	63000	3	-0.0288853177570094
chr6_122258000_122259000	chr6_122732000_122733000	-0.010882	152	-474000	3	-0.0288853177570094
chr6_122298000_122299000	chr6_122732000_122733000	-0.018615	153	-434000	3	-0.0288853177570094
chr6_122310000_122311000	chr6_122732000_122733000	-0.02	154	-422000	3	-0.0288853177570094
chr6_122553000_122554000	chr6_122732000_122733000	-0.02123	155	-179000	3	-0.0288853177570094
chr6_122545000_122546000	chr6_122732000_122733000	-0.021592	156	-187000	3	-0.0288853177570094
chr6_123004000_123005000	chr6_122732000_122733000	-0.023558	157	272000	3	-0.0288853177570094
chr6_122532000_122533000	chr6_122732000_122733000	-0.024468	158	-200000	3	-0.0288853177570094
chr6_122402000_122403000	chr6_122732000_122733000	-0.026495	159	-330000	3	-0.0288853177570094
chr6_122741000_122742000	chr6_122732000_122733000	-0.026969	160	9000	3	-0.0288853177570094
chr6_122505000_122506000	chr6_122732000_122733000	-0.028155	161	-227000	3	-0.0288853177570094
chr6_123340000_123341000	chr6_122732000_122733000	-0.028571	169.5	608000	3	-0.0288853177570094
chr6_122560000_122561000	chr6_122732000_122733000	-0.028571	169.5	-172000	3	-0.0288853177570094
chr6_122758000_122759000	chr6_122732000_122733000	-0.028571	169.5	26000	3	-0.0288853177570094
chr6_122495000_122496000	chr6_122732000_122733000	-0.028571	169.5	-237000	3	-0.0288853177570094
chr6_122557000_122558000	chr6_122732000_122733000	-0.028571	169.5	-175000	3	-0.0288853177570094
chr6_122625000_122626000	chr6_122732000_122733000	-0.028571	169.5	-107000	3	-0.0288853177570094
chr6_122759000_122760000	chr6_122732000_122733000	-0.028571	169.5	27000	3	-0.0288853177570094
chr6_122782000_122783000	chr6_122732000_122733000	-0.028571	169.5	50000	3	-0.0288853177570094
chr6_122821000_122822000	chr6_122732000_122733000	-0.028571	169.5	89000	3	-0.0288853177570094
chr6_123137000_123138000	chr6_122732000_122733000	-0.028571	169.5	405000	3	-0.0288853177570094
chr6_122617000_122618000	chr6_122732000_122733000	-0.028571	169.5	-115000	3	-0.0288853177570094
chr6_122663000_122664000	chr6_122732000_122733000	-0.028571	169.5	-69000	3	-0.0288853177570094
chr6_122669000_122670000	chr6_122732000_122733000	-0.028571	169.5	-63000	3	-0.0288853177570094
chr6_122820000_122821000	chr6_122732000_122733000	-0.028571	169.5	88000	3	-0.0288853177570094
chr6_122689000_122690000	chr6_122732000_122733000	-0.028571	169.5	-43000	3	-0.0288853177570094
chr6_122874000_122875000	chr6_122732000_122733000	-0.028571	169.5	142000	3	-0.0288853177570094
chr6_123647000_123648000	chr6_122732000_122733000	-0.028689	178	915000	3	-0.0288853177570094
chr6_122627000_122628000	chr6_122732000_122733000	-0.029452	179	-105000	3	-0.0288853177570094
chr6_122356000_122357000	chr6_122732000_122733000	-0.030101	180	-376000	3	-0.0288853177570094
chr6_122607000_122608000	chr6_122732000_122733000	-0.031131	181	-125000	3	-0.0288853177570094
chr6_122785000_122786000	chr6_122732000_122733000	-0.031619	182	53000	3	-0.0288853177570094
chr6_122740000_122741000	chr6_122732000_122733000	-0.0357	183	8000	3	-0.0288853177570094
chr6_122469000_122470000	chr6_122732000_122733000	-0.035818	184	-263000	3	-0.0288853177570094
chr6_122696000_122697000	chr6_122732000_122733000	-0.035936	185	-36000	3	-0.0288853177570094
chr6_122318000_122319000	chr6_122732000_122733000	-0.036535	186	-414000	3	-0.0288853177570094
chr6_122345000_122346000	chr6_122732000_122733000	-0.037136	187	-387000	3	-0.0288853177570094
chr6_122812000_122813000	chr6_122732000_122733000	-0.037149	188	80000	3	-0.0288853177570094
chr6_122772000_122773000	chr6_122732000_122733000	-0.037462	189	40000	3	-0.0288853177570094
chr6_122709000_122710000	chr6_122732000_122733000	-0.038522	190	-23000	3	-0.0288853177570094
chr6_122824000_122825000	chr6_122732000_122733000	-0.038873	191	92000	3	-0.0288853177570094
chr6_122338000_122339000	chr6_122732000_122733000	-0.039769	192	-394000	3	-0.0288853177570094
chr6_122989000_122990000	chr6_122732000_122733000	-0.040149	193	257000	3	-0.0288853177570094
chr6_122317000_122318000	chr6_122732000_122733000	-0.040511	194	-415000	3	-0.0288853177570094
chr6_122339000_122340000	chr6_122732000_122733000	-0.042164	195	-393000	3	-0.0288853177570094
chr6_122562000_122563000	chr6_122732000_122733000	-0.046591	196	-170000	3	-0.0288853177570094
chr6_122602000_122603000	chr6_122732000_122733000	-0.051306	197	-130000	3	-0.0288853177570094
chr6_122295000_122296000	chr6_122732000_122733000	-0.051892	198	-437000	3	-0.0288853177570094
chr6_122366000_122367000	chr6_122732000_122733000	-0.057143	200.5	-366000	3	-0.0288853177570094
chr6_122828000_122829000	chr6_122732000_122733000	-0.057143	200.5	96000	3	-0.0288853177570094
chr6_122699000_122700000	chr6_122732000_122733000	-0.057143	200.5	-33000	3	-0.0288853177570094
chr6_122882000_122883000	chr6_122732000_122733000	-0.057143	200.5	150000	3	-0.0288853177570094
chr6_122703000_122704000	chr6_122732000_122733000	-0.059506	203	-29000	3	-0.0288853177570094
chr6_122369000_122370000	chr6_122732000_122733000	-0.06217	204	-363000	3	-0.0288853177570094
chr6_122329000_122330000	chr6_122732000_122733000	-0.062309	205	-403000	3	-0.0288853177570094
chr6_122610000_122611000	chr6_122732000_122733000	-0.065464	206	-122000	3	-0.0288853177570094
chr6_122313000_122314000	chr6_122732000_122733000	-0.07217	207	-419000	3	-0.0288853177570094
chr6_123332000_123333000	chr6_122732000_122733000	-0.079049	208	600000	3	-0.0288853177570094
chr6_122618000_122619000	chr6_122732000_122733000	-0.085413	209	-114000	3	-0.0288853177570094
chr6_122340000_122341000	chr6_122732000_122733000	-0.085601	210	-392000	3	-0.0288853177570094
chr6_122463000_122464000	chr6_122732000_122733000	-0.085714	211	-269000	3	-0.0288853177570094
chr6_122690000_122691000	chr6_122732000_122733000	-0.087971	212	-42000	3	-0.0288853177570094
chr6_122314000_122315000	chr6_122732000_122733000	-0.096027	213	-418000	3	-0.0288853177570094
chr6_122331000_122332000	chr6_122732000_122733000	-0.096358	214	-401000	3	-0.0288853177570094
chr6_122766000_122767000	chr6_122732000_122733000	-0.099401	215	34000	3	-0.0288853177570094
chr6_123646000_123647000	chr6_122732000_122733000	-0.104854	216	914000	3	-0.0288853177570094
chr6_122316000_122317000	chr6_122732000_122733000	-0.127828	217	-416000	3	-0.0288853177570094
chr6_122308000_122309000	chr6_122732000_122733000	-0.143838	218	-424000	3	-0.0288853177570094
