interact_region	promoter_region	pred	RF_rank	distance	kmeans	clustmean
chr6_122521000_122522000	chr6_122699000_122700000	0.487351	1	-178000	1	0.224569545454545
chr6_122605000_122606000	chr6_122699000_122700000	0.284435	2	-94000	1	0.224569545454545
chr6_122319000_122320000	chr6_122699000_122700000	0.247807	3	-380000	1	0.224569545454545
chr6_122869000_122870000	chr6_122699000_122700000	0.228399	4	170000	1	0.224569545454545
chr6_122335000_122336000	chr6_122699000_122700000	0.208372	5	-364000	1	0.224569545454545
chr6_122336000_122337000	chr6_122699000_122700000	0.195008	6	-363000	1	0.224569545454545
chr6_122393000_122394000	chr6_122699000_122700000	0.194353	7	-306000	1	0.224569545454545
chr6_122625000_122626000	chr6_122699000_122700000	0.165607	8	-74000	1	0.224569545454545
chr6_122628000_122629000	chr6_122699000_122700000	0.15451	9	-71000	1	0.224569545454545
chr6_122346000_122347000	chr6_122699000_122700000	0.153763	10	-353000	1	0.224569545454545
chr6_122653000_122654000	chr6_122699000_122700000	0.15066	11	-46000	1	0.224569545454545
chr6_122595000_122596000	chr6_122699000_122700000	0.138145	12	-104000	2	0.0641286320754717
chr6_122333000_122334000	chr6_122699000_122700000	0.137088	13	-366000	2	0.0641286320754717
chr6_122323000_122324000	chr6_122699000_122700000	0.135025	14	-376000	2	0.0641286320754717
chr6_122522000_122523000	chr6_122699000_122700000	0.133341	15	-177000	2	0.0641286320754717
chr6_122334000_122335000	chr6_122699000_122700000	0.132236	16	-365000	2	0.0641286320754717
chr6_122719000_122720000	chr6_122699000_122700000	0.121411	17	20000	2	0.0641286320754717
chr6_122513000_122514000	chr6_122699000_122700000	0.120865	18	-186000	2	0.0641286320754717
chr6_122696000_122697000	chr6_122699000_122700000	0.120125	19	-3000	2	0.0641286320754717
chr6_122627000_122628000	chr6_122699000_122700000	0.118385	20	-72000	2	0.0641286320754717
chr6_122463000_122464000	chr6_122699000_122700000	0.11417	21	-236000	2	0.0641286320754717
chr6_122989000_122990000	chr6_122699000_122700000	0.112665	22	290000	2	0.0641286320754717
chr6_122784000_122785000	chr6_122699000_122700000	0.112623	23	85000	2	0.0641286320754717
chr6_122345000_122346000	chr6_122699000_122700000	0.110868	24	-354000	2	0.0641286320754717
chr6_122762000_122763000	chr6_122699000_122700000	0.108474	25	63000	2	0.0641286320754717
chr6_122702000_122703000	chr6_122699000_122700000	0.107678	26	3000	2	0.0641286320754717
chr6_122317000_122318000	chr6_122699000_122700000	0.105513	27	-382000	2	0.0641286320754717
chr6_122686000_122687000	chr6_122699000_122700000	0.105481	28	-13000	2	0.0641286320754717
chr6_122828000_122829000	chr6_122699000_122700000	0.10478	29	129000	2	0.0641286320754717
chr6_123327000_123328000	chr6_122699000_122700000	0.101485	30	628000	2	0.0641286320754717
chr6_122312000_122313000	chr6_122699000_122700000	0.099598	31	-387000	2	0.0641286320754717
chr6_122795000_122796000	chr6_122699000_122700000	0.092893	32	96000	2	0.0641286320754717
chr6_122664000_122665000	chr6_122699000_122700000	0.090845	33	-35000	2	0.0641286320754717
chr6_122304000_122305000	chr6_122699000_122700000	0.090752	34	-395000	2	0.0641286320754717
chr6_122305000_122306000	chr6_122699000_122700000	0.08913	35	-394000	2	0.0641286320754717
chr6_122365000_122366000	chr6_122699000_122700000	0.088684	36	-334000	2	0.0641286320754717
chr6_122785000_122786000	chr6_122699000_122700000	0.087111	37	86000	2	0.0641286320754717
chr6_123340000_123341000	chr6_122699000_122700000	0.085714	38	641000	2	0.0641286320754717
chr6_122528000_122529000	chr6_122699000_122700000	0.08546	39	-171000	2	0.0641286320754717
chr6_122624000_122625000	chr6_122699000_122700000	0.084985	40	-75000	2	0.0641286320754717
chr6_122297000_122298000	chr6_122699000_122700000	0.083392	41	-402000	2	0.0641286320754717
chr6_122609000_122610000	chr6_122699000_122700000	0.082888	42	-90000	2	0.0641286320754717
chr6_122487000_122488000	chr6_122699000_122700000	0.081438	43	-212000	2	0.0641286320754717
chr6_122331000_122332000	chr6_122699000_122700000	0.078692	44	-368000	2	0.0641286320754717
chr6_122314000_122315000	chr6_122699000_122700000	0.074788	45	-385000	2	0.0641286320754717
chr6_122532000_122533000	chr6_122699000_122700000	0.074581	46	-167000	2	0.0641286320754717
chr6_123646000_123647000	chr6_122699000_122700000	0.073464	47	947000	2	0.0641286320754717
chr6_122561000_122562000	chr6_122699000_122700000	0.069834	48	-138000	2	0.0641286320754717
chr6_122355000_122356000	chr6_122699000_122700000	0.069365	49	-344000	2	0.0641286320754717
chr6_122633000_122634000	chr6_122699000_122700000	0.0693	50	-66000	2	0.0641286320754717
chr6_122606000_122607000	chr6_122699000_122700000	0.069009	51	-93000	2	0.0641286320754717
chr6_122883000_122884000	chr6_122699000_122700000	0.068926	52	184000	2	0.0641286320754717
chr6_122392000_122393000	chr6_122699000_122700000	0.067312	53	-307000	2	0.0641286320754717
chr6_122602000_122603000	chr6_122699000_122700000	0.067124	54	-97000	2	0.0641286320754717
chr6_122713000_122714000	chr6_122699000_122700000	0.067071	55	14000	2	0.0641286320754717
chr6_122690000_122691000	chr6_122699000_122700000	0.066968	56	-9000	2	0.0641286320754717
chr6_122533000_122534000	chr6_122699000_122700000	0.066107	57	-166000	2	0.0641286320754717
chr6_122369000_122370000	chr6_122699000_122700000	0.064797	58	-330000	2	0.0641286320754717
chr6_122659000_122660000	chr6_122699000_122700000	0.0642	59	-40000	2	0.0641286320754717
chr6_122786000_122787000	chr6_122699000_122700000	0.063434	60	87000	2	0.0641286320754717
chr6_122367000_122368000	chr6_122699000_122700000	0.063351	61	-332000	2	0.0641286320754717
chr6_122618000_122619000	chr6_122699000_122700000	0.059634	62	-81000	2	0.0641286320754717
chr6_123328000_123329000	chr6_122699000_122700000	0.059444	63	629000	2	0.0641286320754717
chr6_122570000_122571000	chr6_122699000_122700000	0.057143	64.5	-129000	2	0.0641286320754717
chr6_122874000_122875000	chr6_122699000_122700000	0.057143	64.5	175000	2	0.0641286320754717
chr6_122309000_122310000	chr6_122699000_122700000	0.057141	66	-390000	2	0.0641286320754717
chr6_122882000_122883000	chr6_122699000_122700000	0.05705	67	183000	2	0.0641286320754717
chr6_122766000_122767000	chr6_122699000_122700000	0.056773	68	67000	2	0.0641286320754717
chr6_122486000_122487000	chr6_122699000_122700000	0.055924	69	-213000	2	0.0641286320754717
chr6_122315000_122316000	chr6_122699000_122700000	0.055649	70	-384000	2	0.0641286320754717
chr6_122347000_122348000	chr6_122699000_122700000	0.055412	71	-352000	2	0.0641286320754717
chr6_122743000_122744000	chr6_122699000_122700000	0.053854	72	44000	2	0.0641286320754717
chr6_122610000_122611000	chr6_122699000_122700000	0.053302	73	-89000	2	0.0641286320754717
chr6_122439000_122440000	chr6_122699000_122700000	0.052064	74	-260000	2	0.0641286320754717
chr6_122553000_122554000	chr6_122699000_122700000	0.049978	75	-146000	2	0.0641286320754717
chr6_122571000_122572000	chr6_122699000_122700000	0.047965	76	-128000	2	0.0641286320754717
chr6_122341000_122342000	chr6_122699000_122700000	0.04707	77	-358000	2	0.0641286320754717
chr6_122328000_122329000	chr6_122699000_122700000	0.046252	78	-371000	2	0.0641286320754717
chr6_122321000_122322000	chr6_122699000_122700000	0.045499	79	-378000	2	0.0641286320754717
chr6_122780000_122781000	chr6_122699000_122700000	0.041877	80	81000	2	0.0641286320754717
chr6_122531000_122532000	chr6_122699000_122700000	0.040451	81	-168000	2	0.0641286320754717
chr6_122720000_122721000	chr6_122699000_122700000	0.039683	82	21000	2	0.0641286320754717
chr6_122340000_122341000	chr6_122699000_122700000	0.03886	83	-359000	2	0.0641286320754717
chr6_122258000_122259000	chr6_122699000_122700000	0.038444	84	-441000	2	0.0641286320754717
chr6_122824000_122825000	chr6_122699000_122700000	0.037763	85	125000	2	0.0641286320754717
chr6_122771000_122772000	chr6_122699000_122700000	0.037309	86	72000	2	0.0641286320754717
chr6_122761000_122762000	chr6_122699000_122700000	0.03723	87	62000	2	0.0641286320754717
chr6_122308000_122309000	chr6_122699000_122700000	0.036789	88	-391000	2	0.0641286320754717
chr6_122560000_122561000	chr6_122699000_122700000	0.03564	89	-139000	2	0.0641286320754717
chr6_122322000_122323000	chr6_122699000_122700000	0.034788	90	-377000	2	0.0641286320754717
chr6_122826000_122827000	chr6_122699000_122700000	0.034425	91	127000	2	0.0641286320754717
chr6_122368000_122369000	chr6_122699000_122700000	0.033721	92	-331000	2	0.0641286320754717
chr6_122763000_122764000	chr6_122699000_122700000	0.033379	93	64000	2	0.0641286320754717
chr6_122600000_122601000	chr6_122699000_122700000	0.032793	94	-99000	2	0.0641286320754717
chr6_122614000_122615000	chr6_122699000_122700000	0.031388	95	-85000	2	0.0641286320754717
chr6_122598000_122599000	chr6_122699000_122700000	0.029489	96	-101000	2	0.0641286320754717
chr6_122126000_122127000	chr6_122699000_122700000	0.029442	97	-573000	2	0.0641286320754717
chr6_122337000_122338000	chr6_122699000_122700000	0.02912	98	-362000	2	0.0641286320754717
chr6_122316000_122317000	chr6_122699000_122700000	0.029088	99	-383000	2	0.0641286320754717
chr6_123137000_123138000	chr6_122699000_122700000	0.028879	100	438000	2	0.0641286320754717
chr6_122310000_122311000	chr6_122699000_122700000	0.028744	101	-389000	2	0.0641286320754717
chr6_122366000_122367000	chr6_122699000_122700000	0.028571	108.5	-333000	2	0.0641286320754717
chr6_122727000_122728000	chr6_122699000_122700000	0.028571	108.5	28000	2	0.0641286320754717
chr6_122745000_122746000	chr6_122699000_122700000	0.028571	108.5	46000	2	0.0641286320754717
chr6_122801000_122802000	chr6_122699000_122700000	0.028571	108.5	102000	2	0.0641286320754717
chr6_122834000_122835000	chr6_122699000_122700000	0.028571	108.5	135000	2	0.0641286320754717
chr6_122765000_122766000	chr6_122699000_122700000	0.028571	108.5	66000	2	0.0641286320754717
chr6_123647000_123648000	chr6_122699000_122700000	0.028571	108.5	948000	2	0.0641286320754717
chr6_122557000_122558000	chr6_122699000_122700000	0.028571	108.5	-142000	2	0.0641286320754717
chr6_122635000_122636000	chr6_122699000_122700000	0.028571	108.5	-64000	2	0.0641286320754717
chr6_122708000_122709000	chr6_122699000_122700000	0.028571	108.5	9000	2	0.0641286320754717
chr6_122709000_122710000	chr6_122699000_122700000	0.028571	108.5	10000	2	0.0641286320754717
chr6_122740000_122741000	chr6_122699000_122700000	0.028571	108.5	41000	2	0.0641286320754717
chr6_123657000_123658000	chr6_122699000_122700000	0.028571	108.5	958000	2	0.0641286320754717
chr6_122391000_122392000	chr6_122699000_122700000	0.028571	108.5	-308000	2	0.0641286320754717
chr6_122617000_122618000	chr6_122699000_122700000	0.025171	116	-82000	2	0.0641286320754717
chr6_122402000_122403000	chr6_122699000_122700000	0.0243	117	-297000	2	0.0641286320754717
chr6_122342000_122343000	chr6_122699000_122700000	0.021919	118	-357000	3	-0.0197019801980198
chr6_122313000_122314000	chr6_122699000_122700000	0.019212	119	-386000	3	-0.0197019801980198
chr6_122770000_122771000	chr6_122699000_122700000	0.014615	120	71000	3	-0.0197019801980198
chr6_122344000_122345000	chr6_122699000_122700000	0.013404	121	-355000	3	-0.0197019801980198
chr6_122875000_122876000	chr6_122699000_122700000	0.011779	122	176000	3	-0.0197019801980198
chr6_122870000_122871000	chr6_122699000_122700000	0.011724	123	171000	3	-0.0197019801980198
chr6_122469000_122470000	chr6_122699000_122700000	0.011193	124	-230000	3	-0.0197019801980198
chr6_122554000_122555000	chr6_122699000_122700000	0.010793	125	-145000	3	-0.0197019801980198
chr6_122735000_122736000	chr6_122699000_122700000	0.009981	126	36000	3	-0.0197019801980198
chr6_122670000_122671000	chr6_122699000_122700000	0.009607	127	-29000	3	-0.0197019801980198
chr6_122356000_122357000	chr6_122699000_122700000	0.006814	128	-343000	3	-0.0197019801980198
chr6_122706000_122707000	chr6_122699000_122700000	0.00641	129	7000	3	-0.0197019801980198
chr6_122259000_122260000	chr6_122699000_122700000	0.005959	130	-440000	3	-0.0197019801980198
chr6_122764000_122765000	chr6_122699000_122700000	0.005836	131	65000	3	-0.0197019801980198
chr6_122935000_122936000	chr6_122699000_122700000	0.00475	132	236000	3	-0.0197019801980198
chr6_122607000_122608000	chr6_122699000_122700000	0.00452	133	-92000	3	-0.0197019801980198
chr6_122343000_122344000	chr6_122699000_122700000	0.004118	134	-356000	3	-0.0197019801980198
chr6_122661000_122662000	chr6_122699000_122700000	0.003973	135	-38000	3	-0.0197019801980198
chr6_122593000_122594000	chr6_122699000_122700000	0.002806	136	-106000	3	-0.0197019801980198
chr6_122825000_122826000	chr6_122699000_122700000	0.002766	137	126000	3	-0.0197019801980198
chr6_122758000_122759000	chr6_122699000_122700000	0.002403	138	59000	3	-0.0197019801980198
chr6_122636000_122637000	chr6_122699000_122700000	0.001215	139	-63000	3	-0.0197019801980198
chr6_122565000_122566000	chr6_122699000_122700000	0.000564	140	-134000	3	-0.0197019801980198
chr6_122767000_122768000	chr6_122699000_122700000	0.000137	141	68000	3	-0.0197019801980198
chr6_122492000_122493000	chr6_122699000_122700000	0	153	-207000	3	-0.0197019801980198
chr6_122694000_122695000	chr6_122699000_122700000	0	153	-5000	3	-0.0197019801980198
chr6_122491000_122492000	chr6_122699000_122700000	0	153	-208000	3	-0.0197019801980198
chr6_122546000_122547000	chr6_122699000_122700000	0	153	-153000	3	-0.0197019801980198
chr6_122660000_122661000	chr6_122699000_122700000	0	153	-39000	3	-0.0197019801980198
chr6_122663000_122664000	chr6_122699000_122700000	0	153	-36000	3	-0.0197019801980198
chr6_122666000_122667000	chr6_122699000_122700000	0	153	-33000	3	-0.0197019801980198
chr6_122667000_122668000	chr6_122699000_122700000	0	153	-32000	3	-0.0197019801980198
chr6_122689000_122690000	chr6_122699000_122700000	0	153	-10000	3	-0.0197019801980198
chr6_122728000_122729000	chr6_122699000_122700000	0	153	29000	3	-0.0197019801980198
chr6_122737000_122738000	chr6_122699000_122700000	0	153	38000	3	-0.0197019801980198
chr6_122739000_122740000	chr6_122699000_122700000	0	153	40000	3	-0.0197019801980198
chr6_122741000_122742000	chr6_122699000_122700000	0	153	42000	3	-0.0197019801980198
chr6_122742000_122743000	chr6_122699000_122700000	0	153	43000	3	-0.0197019801980198
chr6_122759000_122760000	chr6_122699000_122700000	0	153	60000	3	-0.0197019801980198
chr6_122782000_122783000	chr6_122699000_122700000	0	153	83000	3	-0.0197019801980198
chr6_122833000_122834000	chr6_122699000_122700000	0	153	134000	3	-0.0197019801980198
chr6_123332000_123333000	chr6_122699000_122700000	0	153	633000	3	-0.0197019801980198
chr6_123697000_123698000	chr6_122699000_122700000	0	153	998000	3	-0.0197019801980198
chr6_122707000_122708000	chr6_122699000_122700000	0	153	8000	3	-0.0197019801980198
chr6_122731000_122732000	chr6_122699000_122700000	0	153	32000	3	-0.0197019801980198
chr6_122802000_122803000	chr6_122699000_122700000	0	153	103000	3	-0.0197019801980198
chr6_122734000_122735000	chr6_122699000_122700000	0	153	35000	3	-0.0197019801980198
chr6_122329000_122330000	chr6_122699000_122700000	-0.002828	165	-370000	3	-0.0197019801980198
chr6_122325000_122326000	chr6_122699000_122700000	-0.003379	166	-374000	3	-0.0197019801980198
chr6_122812000_122813000	chr6_122699000_122700000	-0.003791	167	113000	3	-0.0197019801980198
chr6_122318000_122319000	chr6_122699000_122700000	-0.006169	168	-381000	3	-0.0197019801980198
chr6_122729000_122730000	chr6_122699000_122700000	-0.007589	169	30000	3	-0.0197019801980198
chr6_122712000_122713000	chr6_122699000_122700000	-0.008183	170	13000	3	-0.0197019801980198
chr6_122378000_122379000	chr6_122699000_122700000	-0.008627	171	-321000	3	-0.0197019801980198
chr6_122494000_122495000	chr6_122699000_122700000	-0.010252	172	-205000	3	-0.0197019801980198
chr6_122298000_122299000	chr6_122699000_122700000	-0.011061	173	-401000	3	-0.0197019801980198
chr6_122562000_122563000	chr6_122699000_122700000	-0.017344	174	-137000	3	-0.0197019801980198
chr6_122772000_122773000	chr6_122699000_122700000	-0.018697	175	73000	3	-0.0197019801980198
chr6_122821000_122822000	chr6_122699000_122700000	-0.023637	176	122000	3	-0.0197019801980198
chr6_122769000_122770000	chr6_122699000_122700000	-0.02369	177	70000	3	-0.0197019801980198
chr6_122496000_122497000	chr6_122699000_122700000	-0.024302	178	-203000	3	-0.0197019801980198
chr6_122339000_122340000	chr6_122699000_122700000	-0.024932	179	-360000	3	-0.0197019801980198
chr6_122856000_122857000	chr6_122699000_122700000	-0.028571	183	157000	3	-0.0197019801980198
chr6_122591000_122592000	chr6_122699000_122700000	-0.028571	183	-108000	3	-0.0197019801980198
chr6_122819000_122820000	chr6_122699000_122700000	-0.028571	183	120000	3	-0.0197019801980198
chr6_122892000_122893000	chr6_122699000_122700000	-0.028571	183	193000	3	-0.0197019801980198
chr6_122495000_122496000	chr6_122699000_122700000	-0.028571	183	-204000	3	-0.0197019801980198
chr6_122760000_122761000	chr6_122699000_122700000	-0.028571	183	61000	3	-0.0197019801980198
chr6_122804000_122805000	chr6_122699000_122700000	-0.028571	183	105000	3	-0.0197019801980198
chr6_122715000_122716000	chr6_122699000_122700000	-0.030269	187	16000	3	-0.0197019801980198
chr6_122505000_122506000	chr6_122699000_122700000	-0.03758	188	-194000	3	-0.0197019801980198
chr6_123004000_123005000	chr6_122699000_122700000	-0.037594	189	305000	3	-0.0197019801980198
chr6_122632000_122633000	chr6_122699000_122700000	-0.037784	190	-67000	3	-0.0197019801980198
chr6_122608000_122609000	chr6_122699000_122700000	-0.037794	191	-91000	3	-0.0197019801980198
chr6_122820000_122821000	chr6_122699000_122700000	-0.038937	192	121000	3	-0.0197019801980198
chr6_122338000_122339000	chr6_122699000_122700000	-0.040785	193	-361000	3	-0.0197019801980198
chr6_122669000_122670000	chr6_122699000_122700000	-0.040824	194	-30000	3	-0.0197019801980198
chr6_122332000_122333000	chr6_122699000_122700000	-0.043875	195	-367000	3	-0.0197019801980198
chr6_122730000_122731000	chr6_122699000_122700000	-0.045961	196	31000	3	-0.0197019801980198
chr6_122320000_122321000	chr6_122699000_122700000	-0.047736	197	-379000	3	-0.0197019801980198
chr6_122485000_122486000	chr6_122699000_122700000	-0.049883	198	-214000	3	-0.0197019801980198
chr6_122295000_122296000	chr6_122699000_122700000	-0.05273	199	-404000	3	-0.0197019801980198
chr6_122703000_122704000	chr6_122699000_122700000	-0.054123	200	4000	3	-0.0197019801980198
chr6_123005000_123006000	chr6_122699000_122700000	-0.056494	201	306000	3	-0.0197019801980198
chr6_122523000_122524000	chr6_122699000_122700000	-0.057143	205.5	-176000	3	-0.0197019801980198
chr6_122545000_122546000	chr6_122699000_122700000	-0.057143	205.5	-154000	3	-0.0197019801980198
chr6_122726000_122727000	chr6_122699000_122700000	-0.057143	205.5	27000	3	-0.0197019801980198
chr6_122744000_122745000	chr6_122699000_122700000	-0.057143	205.5	45000	3	-0.0197019801980198
chr6_123138000_123139000	chr6_122699000_122700000	-0.057143	205.5	439000	3	-0.0197019801980198
chr6_123696000_123697000	chr6_122699000_122700000	-0.057143	205.5	997000	3	-0.0197019801980198
chr6_122626000_122627000	chr6_122699000_122700000	-0.057143	205.5	-73000	3	-0.0197019801980198
chr6_122732000_122733000	chr6_122699000_122700000	-0.057143	205.5	33000	3	-0.0197019801980198
chr6_122662000_122663000	chr6_122699000_122700000	-0.05735	210	-37000	3	-0.0197019801980198
chr6_122773000_122774000	chr6_122699000_122700000	-0.057689	211	74000	3	-0.0197019801980198
chr6_122768000_122769000	chr6_122699000_122700000	-0.062277	212	69000	3	-0.0197019801980198
chr6_122811000_122812000	chr6_122699000_122700000	-0.06254	213	112000	3	-0.0197019801980198
chr6_122471000_122472000	chr6_122699000_122700000	-0.075013	214	-228000	3	-0.0197019801980198
chr6_122640000_122641000	chr6_122699000_122700000	-0.085714	215	-59000	3	-0.0197019801980198
chr6_122810000_122811000	chr6_122699000_122700000	-0.086131	216	111000	3	-0.0197019801980198
chr6_122698000_122699000	chr6_122699000_122700000	-0.089258	217	-1000	3	-0.0197019801980198
chr6_122716000_122717000	chr6_122699000_122700000	-0.096435	218	17000	3	-0.0197019801980198
