interact_region	promoter_region	pred	RF_rank	distance	kmeans	clustmean
chr6_122259000_122260000	chr6_122741000_122742000	0.268701	1	-482000	1	0.166549172413793
chr6_122820000_122821000	chr6_122741000_122742000	0.221691	2	79000	1	0.166549172413793
chr6_122669000_122670000	chr6_122741000_122742000	0.218586	3	-72000	1	0.166549172413793
chr6_122761000_122762000	chr6_122741000_122742000	0.217838	4	20000	1	0.166549172413793
chr6_122309000_122310000	chr6_122741000_122742000	0.212137	5	-432000	1	0.166549172413793
chr6_122874000_122875000	chr6_122741000_122742000	0.208666	6	133000	1	0.166549172413793
chr6_122533000_122534000	chr6_122741000_122742000	0.206136	7	-208000	1	0.166549172413793
chr6_122740000_122741000	chr6_122741000_122742000	0.19893	8	-1000	1	0.166549172413793
chr6_122826000_122827000	chr6_122741000_122742000	0.183077	9	85000	1	0.166549172413793
chr6_122760000_122761000	chr6_122741000_122742000	0.182541	10	19000	1	0.166549172413793
chr6_122368000_122369000	chr6_122741000_122742000	0.178822	11	-373000	1	0.166549172413793
chr6_122546000_122547000	chr6_122741000_122742000	0.176135	12	-195000	1	0.166549172413793
chr6_122719000_122720000	chr6_122741000_122742000	0.175028	13	-22000	1	0.166549172413793
chr6_122769000_122770000	chr6_122741000_122742000	0.170495	14	28000	1	0.166549172413793
chr6_122812000_122813000	chr6_122741000_122742000	0.164146	15	71000	1	0.166549172413793
chr6_122821000_122822000	chr6_122741000_122742000	0.163541	16	80000	1	0.166549172413793
chr6_122258000_122259000	chr6_122741000_122742000	0.153041	17	-483000	1	0.166549172413793
chr6_122496000_122497000	chr6_122741000_122742000	0.150317	18	-245000	1	0.166549172413793
chr6_122804000_122805000	chr6_122741000_122742000	0.146266	19	63000	1	0.166549172413793
chr6_122892000_122893000	chr6_122741000_122742000	0.140548	20	151000	1	0.166549172413793
chr6_123657000_123658000	chr6_122741000_122742000	0.131414	21	916000	1	0.166549172413793
chr6_122337000_122338000	chr6_122741000_122742000	0.128948	22	-404000	1	0.166549172413793
chr6_122494000_122495000	chr6_122741000_122742000	0.126797	23	-247000	1	0.166549172413793
chr6_122344000_122345000	chr6_122741000_122742000	0.124294	24	-397000	1	0.166549172413793
chr6_122560000_122561000	chr6_122741000_122742000	0.122606	25	-181000	1	0.166549172413793
chr6_122824000_122825000	chr6_122741000_122742000	0.12233	26	83000	1	0.166549172413793
chr6_122304000_122305000	chr6_122741000_122742000	0.115834	27	-437000	1	0.166549172413793
chr6_122295000_122296000	chr6_122741000_122742000	0.112488	28	-446000	1	0.166549172413793
chr6_122305000_122306000	chr6_122741000_122742000	0.108573	29	-436000	1	0.166549172413793
chr6_122618000_122619000	chr6_122741000_122742000	0.104215	30	-123000	2	0.04828712
chr6_122935000_122936000	chr6_122741000_122742000	0.097013	31	194000	2	0.04828712
chr6_122320000_122321000	chr6_122741000_122742000	0.09568	32	-421000	2	0.04828712
chr6_122339000_122340000	chr6_122741000_122742000	0.091673	33	-402000	2	0.04828712
chr6_122834000_122835000	chr6_122741000_122742000	0.090946	34	93000	2	0.04828712
chr6_122602000_122603000	chr6_122741000_122742000	0.089681	35	-139000	2	0.04828712
chr6_122528000_122529000	chr6_122741000_122742000	0.08966	36	-213000	2	0.04828712
chr6_122766000_122767000	chr6_122741000_122742000	0.085714	37	25000	2	0.04828712
chr6_122557000_122558000	chr6_122741000_122742000	0.084117	38	-184000	2	0.04828712
chr6_122521000_122522000	chr6_122741000_122742000	0.082044	39	-220000	2	0.04828712
chr6_122702000_122703000	chr6_122741000_122742000	0.078455	40	-39000	2	0.04828712
chr6_122689000_122690000	chr6_122741000_122742000	0.078397	41	-52000	2	0.04828712
chr6_122742000_122743000	chr6_122741000_122742000	0.076338	42	1000	2	0.04828712
chr6_122312000_122313000	chr6_122741000_122742000	0.076163	43	-429000	2	0.04828712
chr6_122819000_122820000	chr6_122741000_122742000	0.073921	44	78000	2	0.04828712
chr6_122319000_122320000	chr6_122741000_122742000	0.069502	45	-422000	2	0.04828712
chr6_122345000_122346000	chr6_122741000_122742000	0.068837	46	-396000	2	0.04828712
chr6_122653000_122654000	chr6_122741000_122742000	0.068753	47	-88000	2	0.04828712
chr6_122713000_122714000	chr6_122741000_122742000	0.066348	48	-28000	2	0.04828712
chr6_122523000_122524000	chr6_122741000_122742000	0.065892	49	-218000	2	0.04828712
chr6_122332000_122333000	chr6_122741000_122742000	0.063011	50	-409000	2	0.04828712
chr6_122625000_122626000	chr6_122741000_122742000	0.061348	51	-116000	2	0.04828712
chr6_122317000_122318000	chr6_122741000_122742000	0.059536	52	-424000	2	0.04828712
chr6_122593000_122594000	chr6_122741000_122742000	0.059221	53	-148000	2	0.04828712
chr6_122126000_122127000	chr6_122741000_122742000	0.058957	54	-615000	2	0.04828712
chr6_122661000_122662000	chr6_122741000_122742000	0.058377	55	-80000	2	0.04828712
chr6_122784000_122785000	chr6_122741000_122742000	0.057143	56	43000	2	0.04828712
chr6_122495000_122496000	chr6_122741000_122742000	0.056508	57	-246000	2	0.04828712
chr6_123327000_123328000	chr6_122741000_122742000	0.056473	58	586000	2	0.04828712
chr6_122392000_122393000	chr6_122741000_122742000	0.053807	59	-349000	2	0.04828712
chr6_122732000_122733000	chr6_122741000_122742000	0.051017	60	-9000	2	0.04828712
chr6_122660000_122661000	chr6_122741000_122742000	0.045734	61	-81000	2	0.04828712
chr6_122659000_122660000	chr6_122741000_122742000	0.044922	62	-82000	2	0.04828712
chr6_122686000_122687000	chr6_122741000_122742000	0.044638	63	-55000	2	0.04828712
chr6_122802000_122803000	chr6_122741000_122742000	0.043703	64	61000	2	0.04828712
chr6_123696000_123697000	chr6_122741000_122742000	0.042695	65	955000	2	0.04828712
chr6_122338000_122339000	chr6_122741000_122742000	0.042322	66	-403000	2	0.04828712
chr6_122591000_122592000	chr6_122741000_122742000	0.0405	67	-150000	2	0.04828712
chr6_122298000_122299000	chr6_122741000_122742000	0.039434	68	-443000	2	0.04828712
chr6_122532000_122533000	chr6_122741000_122742000	0.03851	69	-209000	2	0.04828712
chr6_122347000_122348000	chr6_122741000_122742000	0.037923	70	-394000	2	0.04828712
chr6_122605000_122606000	chr6_122741000_122742000	0.037004	71	-136000	2	0.04828712
chr6_122810000_122811000	chr6_122741000_122742000	0.036179	72	69000	2	0.04828712
chr6_122624000_122625000	chr6_122741000_122742000	0.033913	73	-117000	2	0.04828712
chr6_122315000_122316000	chr6_122741000_122742000	0.032022	74	-426000	2	0.04828712
chr6_122608000_122609000	chr6_122741000_122742000	0.031836	75	-133000	2	0.04828712
chr6_122391000_122392000	chr6_122741000_122742000	0.031478	76	-350000	2	0.04828712
chr6_122670000_122671000	chr6_122741000_122742000	0.029715	77	-71000	2	0.04828712
chr6_122882000_122883000	chr6_122741000_122742000	0.029041	78	141000	2	0.04828712
chr6_122366000_122367000	chr6_122741000_122742000	0.028571	86.5	-375000	2	0.04828712
chr6_122335000_122336000	chr6_122741000_122742000	0.028571	86.5	-406000	2	0.04828712
chr6_122662000_122663000	chr6_122741000_122742000	0.028571	86.5	-79000	2	0.04828712
chr6_123697000_123698000	chr6_122741000_122742000	0.028571	86.5	956000	2	0.04828712
chr6_122696000_122697000	chr6_122741000_122742000	0.028571	86.5	-45000	2	0.04828712
chr6_122772000_122773000	chr6_122741000_122742000	0.028571	86.5	31000	2	0.04828712
chr6_122786000_122787000	chr6_122741000_122742000	0.028571	86.5	45000	2	0.04828712
chr6_122989000_122990000	chr6_122741000_122742000	0.028571	86.5	248000	2	0.04828712
chr6_123005000_123006000	chr6_122741000_122742000	0.028571	86.5	264000	2	0.04828712
chr6_122325000_122326000	chr6_122741000_122742000	0.028571	86.5	-416000	2	0.04828712
chr6_122341000_122342000	chr6_122741000_122742000	0.028571	86.5	-400000	2	0.04828712
chr6_122664000_122665000	chr6_122741000_122742000	0.028571	86.5	-77000	2	0.04828712
chr6_122694000_122695000	chr6_122741000_122742000	0.028571	86.5	-47000	2	0.04828712
chr6_122758000_122759000	chr6_122741000_122742000	0.028571	86.5	17000	2	0.04828712
chr6_123004000_123005000	chr6_122741000_122742000	0.028571	86.5	263000	2	0.04828712
chr6_123328000_123329000	chr6_122741000_122742000	0.028571	86.5	587000	2	0.04828712
chr6_122628000_122629000	chr6_122741000_122742000	0.02783	95	-113000	2	0.04828712
chr6_122331000_122332000	chr6_122741000_122742000	0.027712	96	-410000	2	0.04828712
chr6_122318000_122319000	chr6_122741000_122742000	0.026551	97	-423000	2	0.04828712
chr6_122825000_122826000	chr6_122741000_122742000	0.024912	98	84000	2	0.04828712
chr6_122598000_122599000	chr6_122741000_122742000	0.022613	99	-143000	2	0.04828712
chr6_122322000_122323000	chr6_122741000_122742000	0.021859	100	-419000	2	0.04828712
chr6_122492000_122493000	chr6_122741000_122742000	0.017599	101	-249000	2	0.04828712
chr6_122735000_122736000	chr6_122741000_122742000	0.016369	102	-6000	2	0.04828712
chr6_122765000_122766000	chr6_122741000_122742000	0.014563	103	24000	2	0.04828712
chr6_122729000_122730000	chr6_122741000_122742000	0.014074	104	-12000	2	0.04828712
chr6_122635000_122636000	chr6_122741000_122742000	0.009552	105	-106000	3	-0.0223987894736842
chr6_122513000_122514000	chr6_122741000_122742000	0.007322	106	-228000	3	-0.0223987894736842
chr6_122297000_122298000	chr6_122741000_122742000	0.00698	107	-444000	3	-0.0223987894736842
chr6_122595000_122596000	chr6_122741000_122742000	0.006769	108	-146000	3	-0.0223987894736842
chr6_122334000_122335000	chr6_122741000_122742000	0.006765	109	-407000	3	-0.0223987894736842
chr6_122328000_122329000	chr6_122741000_122742000	0.005704	110	-413000	3	-0.0223987894736842
chr6_122764000_122765000	chr6_122741000_122742000	0.004137	111	23000	3	-0.0223987894736842
chr6_122463000_122464000	chr6_122741000_122742000	0.00406	112	-278000	3	-0.0223987894736842
chr6_122562000_122563000	chr6_122741000_122742000	0.001175	113	-179000	3	-0.0223987894736842
chr6_122561000_122562000	chr6_122741000_122742000	0.000903	114	-180000	3	-0.0223987894736842
chr6_122780000_122781000	chr6_122741000_122742000	0.000242	115	39000	3	-0.0223987894736842
chr6_122785000_122786000	chr6_122741000_122742000	0	129	44000	3	-0.0223987894736842
chr6_122720000_122721000	chr6_122741000_122742000	0	129	-21000	3	-0.0223987894736842
chr6_122731000_122732000	chr6_122741000_122742000	0	129	-10000	3	-0.0223987894736842
chr6_122743000_122744000	chr6_122741000_122742000	0	129	2000	3	-0.0223987894736842
chr6_122491000_122492000	chr6_122741000_122742000	0	129	-250000	3	-0.0223987894736842
chr6_122571000_122572000	chr6_122741000_122742000	0	129	-170000	3	-0.0223987894736842
chr6_122606000_122607000	chr6_122741000_122742000	0	129	-135000	3	-0.0223987894736842
chr6_122610000_122611000	chr6_122741000_122742000	0	129	-131000	3	-0.0223987894736842
chr6_122663000_122664000	chr6_122741000_122742000	0	129	-78000	3	-0.0223987894736842
chr6_122698000_122699000	chr6_122741000_122742000	0	129	-43000	3	-0.0223987894736842
chr6_122706000_122707000	chr6_122741000_122742000	0	129	-35000	3	-0.0223987894736842
chr6_122707000_122708000	chr6_122741000_122742000	0	129	-34000	3	-0.0223987894736842
chr6_122708000_122709000	chr6_122741000_122742000	0	129	-33000	3	-0.0223987894736842
chr6_122715000_122716000	chr6_122741000_122742000	0	129	-26000	3	-0.0223987894736842
chr6_122716000_122717000	chr6_122741000_122742000	0	129	-25000	3	-0.0223987894736842
chr6_122744000_122745000	chr6_122741000_122742000	0	129	3000	3	-0.0223987894736842
chr6_122762000_122763000	chr6_122741000_122742000	0	129	21000	3	-0.0223987894736842
chr6_122763000_122764000	chr6_122741000_122742000	0	129	22000	3	-0.0223987894736842
chr6_122801000_122802000	chr6_122741000_122742000	0	129	60000	3	-0.0223987894736842
chr6_122828000_122829000	chr6_122741000_122742000	0	129	87000	3	-0.0223987894736842
chr6_122869000_122870000	chr6_122741000_122742000	0	129	128000	3	-0.0223987894736842
chr6_122870000_122871000	chr6_122741000_122742000	0	129	129000	3	-0.0223987894736842
chr6_122875000_122876000	chr6_122741000_122742000	0	129	134000	3	-0.0223987894736842
chr6_123332000_123333000	chr6_122741000_122742000	0	129	591000	3	-0.0223987894736842
chr6_123340000_123341000	chr6_122741000_122742000	0	129	599000	3	-0.0223987894736842
chr6_123646000_123647000	chr6_122741000_122742000	0	129	905000	3	-0.0223987894736842
chr6_122727000_122728000	chr6_122741000_122742000	0	129	-14000	3	-0.0223987894736842
chr6_122553000_122554000	chr6_122741000_122742000	-0.001701	143	-188000	3	-0.0223987894736842
chr6_122690000_122691000	chr6_122741000_122742000	-0.002308	144	-51000	3	-0.0223987894736842
chr6_122378000_122379000	chr6_122741000_122742000	-0.002486	145	-363000	3	-0.0223987894736842
chr6_122346000_122347000	chr6_122741000_122742000	-0.002942	146	-395000	3	-0.0223987894736842
chr6_122768000_122769000	chr6_122741000_122742000	-0.003381	147	27000	3	-0.0223987894736842
chr6_122626000_122627000	chr6_122741000_122742000	-0.004479	148	-115000	3	-0.0223987894736842
chr6_122734000_122735000	chr6_122741000_122742000	-0.005093	149	-7000	3	-0.0223987894736842
chr6_122469000_122470000	chr6_122741000_122742000	-0.006753	150	-272000	3	-0.0223987894736842
chr6_122730000_122731000	chr6_122741000_122742000	-0.006877	151	-11000	3	-0.0223987894736842
chr6_122739000_122740000	chr6_122741000_122742000	-0.007784	152	-2000	3	-0.0223987894736842
chr6_122531000_122532000	chr6_122741000_122742000	-0.007816	153	-210000	3	-0.0223987894736842
chr6_122856000_122857000	chr6_122741000_122742000	-0.007975	154	115000	3	-0.0223987894736842
chr6_122709000_122710000	chr6_122741000_122742000	-0.00818	155	-32000	3	-0.0223987894736842
chr6_122308000_122309000	chr6_122741000_122742000	-0.00849	156	-433000	3	-0.0223987894736842
chr6_122609000_122610000	chr6_122741000_122742000	-0.009267	157	-132000	3	-0.0223987894736842
chr6_122355000_122356000	chr6_122741000_122742000	-0.012238	158	-386000	3	-0.0223987894736842
chr6_122545000_122546000	chr6_122741000_122742000	-0.012553	159	-196000	3	-0.0223987894736842
chr6_122770000_122771000	chr6_122741000_122742000	-0.013309	160	29000	3	-0.0223987894736842
chr6_122316000_122317000	chr6_122741000_122742000	-0.013965	161	-425000	3	-0.0223987894736842
chr6_122759000_122760000	chr6_122741000_122742000	-0.015033	162	18000	3	-0.0223987894736842
chr6_122771000_122772000	chr6_122741000_122742000	-0.016251	163	30000	3	-0.0223987894736842
chr6_122393000_122394000	chr6_122741000_122742000	-0.018361	164	-348000	3	-0.0223987894736842
chr6_122486000_122487000	chr6_122741000_122742000	-0.01969	165	-255000	3	-0.0223987894736842
chr6_122333000_122334000	chr6_122741000_122742000	-0.020069	166	-408000	3	-0.0223987894736842
chr6_122600000_122601000	chr6_122741000_122742000	-0.0213	167	-141000	3	-0.0223987894736842
chr6_122795000_122796000	chr6_122741000_122742000	-0.021365	168	54000	3	-0.0223987894736842
chr6_122365000_122366000	chr6_122741000_122742000	-0.021384	169	-376000	3	-0.0223987894736842
chr6_122329000_122330000	chr6_122741000_122742000	-0.021398	170	-412000	3	-0.0223987894736842
chr6_122343000_122344000	chr6_122741000_122742000	-0.021842	171	-398000	3	-0.0223987894736842
chr6_122565000_122566000	chr6_122741000_122742000	-0.023131	172	-176000	3	-0.0223987894736842
chr6_122313000_122314000	chr6_122741000_122742000	-0.023559	173	-428000	3	-0.0223987894736842
chr6_122811000_122812000	chr6_122741000_122742000	-0.02589	174	70000	3	-0.0223987894736842
chr6_122640000_122641000	chr6_122741000_122742000	-0.028571	181.5	-101000	3	-0.0223987894736842
chr6_122439000_122440000	chr6_122741000_122742000	-0.028571	181.5	-302000	3	-0.0223987894736842
chr6_122485000_122486000	chr6_122741000_122742000	-0.028571	181.5	-256000	3	-0.0223987894736842
chr6_122367000_122368000	chr6_122741000_122742000	-0.028571	181.5	-374000	3	-0.0223987894736842
chr6_122471000_122472000	chr6_122741000_122742000	-0.028571	181.5	-270000	3	-0.0223987894736842
chr6_122607000_122608000	chr6_122741000_122742000	-0.028571	181.5	-134000	3	-0.0223987894736842
chr6_122633000_122634000	chr6_122741000_122742000	-0.028571	181.5	-108000	3	-0.0223987894736842
chr6_122667000_122668000	chr6_122741000_122742000	-0.028571	181.5	-74000	3	-0.0223987894736842
chr6_122745000_122746000	chr6_122741000_122742000	-0.028571	181.5	4000	3	-0.0223987894736842
chr6_123138000_123139000	chr6_122741000_122742000	-0.028571	181.5	397000	3	-0.0223987894736842
chr6_122342000_122343000	chr6_122741000_122742000	-0.028571	181.5	-399000	3	-0.0223987894736842
chr6_122522000_122523000	chr6_122741000_122742000	-0.028571	181.5	-219000	3	-0.0223987894736842
chr6_123137000_123138000	chr6_122741000_122742000	-0.028571	181.5	396000	3	-0.0223987894736842
chr6_122402000_122403000	chr6_122741000_122742000	-0.028571	181.5	-339000	3	-0.0223987894736842
chr6_122336000_122337000	chr6_122741000_122742000	-0.032384	189	-405000	3	-0.0223987894736842
chr6_122627000_122628000	chr6_122741000_122742000	-0.033799	190	-114000	3	-0.0223987894736842
chr6_122636000_122637000	chr6_122741000_122742000	-0.035404	191	-105000	3	-0.0223987894736842
chr6_122703000_122704000	chr6_122741000_122742000	-0.036043	192	-38000	3	-0.0223987894736842
chr6_122356000_122357000	chr6_122741000_122742000	-0.036708	193	-385000	3	-0.0223987894736842
chr6_123647000_123648000	chr6_122741000_122742000	-0.038656	194	906000	3	-0.0223987894736842
chr6_122782000_122783000	chr6_122741000_122742000	-0.039181	195	41000	3	-0.0223987894736842
chr6_122666000_122667000	chr6_122741000_122742000	-0.043668	196	-75000	3	-0.0223987894736842
chr6_122340000_122341000	chr6_122741000_122742000	-0.044907	197	-401000	3	-0.0223987894736842
chr6_122632000_122633000	chr6_122741000_122742000	-0.045633	198	-109000	3	-0.0223987894736842
chr6_122321000_122322000	chr6_122741000_122742000	-0.051163	199	-420000	3	-0.0223987894736842
chr6_122767000_122768000	chr6_122741000_122742000	-0.054706	200	26000	3	-0.0223987894736842
chr6_122570000_122571000	chr6_122741000_122742000	-0.057143	204	-171000	3	-0.0223987894736842
chr6_122617000_122618000	chr6_122741000_122742000	-0.057143	204	-124000	3	-0.0223987894736842
chr6_122699000_122700000	chr6_122741000_122742000	-0.057143	204	-42000	3	-0.0223987894736842
chr6_122833000_122834000	chr6_122741000_122742000	-0.057143	204	92000	3	-0.0223987894736842
chr6_122712000_122713000	chr6_122741000_122742000	-0.057143	204	-29000	3	-0.0223987894736842
chr6_122726000_122727000	chr6_122741000_122742000	-0.057143	204	-15000	3	-0.0223987894736842
chr6_122728000_122729000	chr6_122741000_122742000	-0.057143	204	-13000	3	-0.0223987894736842
chr6_122883000_122884000	chr6_122741000_122742000	-0.057863	208	142000	3	-0.0223987894736842
chr6_122505000_122506000	chr6_122741000_122742000	-0.066941	209	-236000	3	-0.0223987894736842
chr6_122614000_122615000	chr6_122741000_122742000	-0.067396	210	-127000	3	-0.0223987894736842
chr6_122554000_122555000	chr6_122741000_122742000	-0.067425	211	-187000	3	-0.0223987894736842
chr6_122737000_122738000	chr6_122741000_122742000	-0.069206	212	-4000	3	-0.0223987894736842
chr6_122323000_122324000	chr6_122741000_122742000	-0.076387	213	-418000	3	-0.0223987894736842
chr6_122310000_122311000	chr6_122741000_122742000	-0.080136	214	-431000	3	-0.0223987894736842
chr6_122773000_122774000	chr6_122741000_122742000	-0.085714	215	32000	3	-0.0223987894736842
chr6_122369000_122370000	chr6_122741000_122742000	-0.086391	216	-372000	3	-0.0223987894736842
chr6_122487000_122488000	chr6_122741000_122742000	-0.096862	217	-254000	3	-0.0223987894736842
chr6_122314000_122315000	chr6_122741000_122742000	-0.153633	218	-427000	3	-0.0223987894736842
