interact_region	promoter_region	pred	RF_rank	distance	kmeans	clustmean
chr6_122707000_122708000	chr6_122706000_122707000	0.664132	1	1000	1	0.5137205
chr6_122340000_122341000	chr6_122706000_122707000	0.363309	2	-366000	1	0.5137205
chr6_123646000_123647000	chr6_122706000_122707000	0.23622	3	940000	2	0.107070555555556
chr6_122686000_122687000	chr6_122706000_122707000	0.233219	4	-20000	2	0.107070555555556
chr6_122713000_122714000	chr6_122706000_122707000	0.220781	5	7000	2	0.107070555555556
chr6_122708000_122709000	chr6_122706000_122707000	0.212414	6	2000	2	0.107070555555556
chr6_122365000_122366000	chr6_122706000_122707000	0.196345	7	-341000	2	0.107070555555556
chr6_122607000_122608000	chr6_122706000_122707000	0.193885	8	-99000	2	0.107070555555556
chr6_122331000_122332000	chr6_122706000_122707000	0.174395	9	-375000	2	0.107070555555556
chr6_122662000_122663000	chr6_122706000_122707000	0.172846	10	-44000	2	0.107070555555556
chr6_122315000_122316000	chr6_122706000_122707000	0.158452	11	-391000	2	0.107070555555556
chr6_123004000_123005000	chr6_122706000_122707000	0.157003	12	298000	2	0.107070555555556
chr6_122341000_122342000	chr6_122706000_122707000	0.155765	13	-365000	2	0.107070555555556
chr6_122694000_122695000	chr6_122706000_122707000	0.154643	14	-12000	2	0.107070555555556
chr6_122712000_122713000	chr6_122706000_122707000	0.150639	15	6000	2	0.107070555555556
chr6_122767000_122768000	chr6_122706000_122707000	0.150075	16	61000	2	0.107070555555556
chr6_122308000_122309000	chr6_122706000_122707000	0.149512	17	-398000	2	0.107070555555556
chr6_122485000_122486000	chr6_122706000_122707000	0.145635	18	-221000	2	0.107070555555556
chr6_123647000_123648000	chr6_122706000_122707000	0.145605	19	941000	2	0.107070555555556
chr6_122664000_122665000	chr6_122706000_122707000	0.141139	20	-42000	2	0.107070555555556
chr6_122366000_122367000	chr6_122706000_122707000	0.140972	21	-340000	2	0.107070555555556
chr6_122763000_122764000	chr6_122706000_122707000	0.137115	22	57000	2	0.107070555555556
chr6_122336000_122337000	chr6_122706000_122707000	0.136662	23	-370000	2	0.107070555555556
chr6_122491000_122492000	chr6_122706000_122707000	0.13539	24	-215000	2	0.107070555555556
chr6_122338000_122339000	chr6_122706000_122707000	0.132813	25	-368000	2	0.107070555555556
chr6_122728000_122729000	chr6_122706000_122707000	0.124917	26	22000	2	0.107070555555556
chr6_122632000_122633000	chr6_122706000_122707000	0.124883	27	-74000	2	0.107070555555556
chr6_122761000_122762000	chr6_122706000_122707000	0.121543	28	55000	2	0.107070555555556
chr6_122333000_122334000	chr6_122706000_122707000	0.119031	29	-373000	2	0.107070555555556
chr6_123332000_123333000	chr6_122706000_122707000	0.116199	30	626000	2	0.107070555555556
chr6_122322000_122323000	chr6_122706000_122707000	0.11604	31	-384000	2	0.107070555555556
chr6_122765000_122766000	chr6_122706000_122707000	0.11476	32	59000	2	0.107070555555556
chr6_122624000_122625000	chr6_122706000_122707000	0.114286	33	-82000	2	0.107070555555556
chr6_122126000_122127000	chr6_122706000_122707000	0.107708	34	-580000	2	0.107070555555556
chr6_123005000_123006000	chr6_122706000_122707000	0.104518	35	299000	2	0.107070555555556
chr6_122605000_122606000	chr6_122706000_122707000	0.104192	36	-101000	2	0.107070555555556
chr6_122335000_122336000	chr6_122706000_122707000	0.100589	37	-371000	2	0.107070555555556
chr6_122528000_122529000	chr6_122706000_122707000	0.097247	38	-178000	2	0.107070555555556
chr6_122609000_122610000	chr6_122706000_122707000	0.097107	39	-97000	2	0.107070555555556
chr6_122660000_122661000	chr6_122706000_122707000	0.096382	40	-46000	2	0.107070555555556
chr6_122344000_122345000	chr6_122706000_122707000	0.094487	41	-362000	2	0.107070555555556
chr6_122626000_122627000	chr6_122706000_122707000	0.091738	42	-80000	2	0.107070555555556
chr6_122743000_122744000	chr6_122706000_122707000	0.091349	43	37000	2	0.107070555555556
chr6_122882000_122883000	chr6_122706000_122707000	0.090923	44	176000	2	0.107070555555556
chr6_122323000_122324000	chr6_122706000_122707000	0.090142	45	-383000	2	0.107070555555556
chr6_122328000_122329000	chr6_122706000_122707000	0.088725	46	-378000	2	0.107070555555556
chr6_122769000_122770000	chr6_122706000_122707000	0.088053	47	63000	2	0.107070555555556
chr6_122297000_122298000	chr6_122706000_122707000	0.087972	48	-409000	2	0.107070555555556
chr6_122321000_122322000	chr6_122706000_122707000	0.087597	49	-385000	2	0.107070555555556
chr6_122663000_122664000	chr6_122706000_122707000	0.086323	50	-43000	2	0.107070555555556
chr6_122870000_122871000	chr6_122706000_122707000	0.086098	51	164000	2	0.107070555555556
chr6_122745000_122746000	chr6_122706000_122707000	0.085714	52	39000	2	0.107070555555556
chr6_122259000_122260000	chr6_122706000_122707000	0.08553	53	-447000	2	0.107070555555556
chr6_122318000_122319000	chr6_122706000_122707000	0.083841	54	-388000	2	0.107070555555556
chr6_122557000_122558000	chr6_122706000_122707000	0.083088	55	-149000	2	0.107070555555556
chr6_122627000_122628000	chr6_122706000_122707000	0.082617	56	-79000	2	0.107070555555556
chr6_122367000_122368000	chr6_122706000_122707000	0.08244	57	-339000	2	0.107070555555556
chr6_122669000_122670000	chr6_122706000_122707000	0.081998	58	-37000	2	0.107070555555556
chr6_122696000_122697000	chr6_122706000_122707000	0.077585	59	-10000	2	0.107070555555556
chr6_122368000_122369000	chr6_122706000_122707000	0.075911	60	-338000	2	0.107070555555556
chr6_122610000_122611000	chr6_122706000_122707000	0.074617	61	-96000	2	0.107070555555556
chr6_122715000_122716000	chr6_122706000_122707000	0.073988	62	9000	2	0.107070555555556
chr6_122744000_122745000	chr6_122706000_122707000	0.073858	63	38000	2	0.107070555555556
chr6_122342000_122343000	chr6_122706000_122707000	0.07172	64	-364000	2	0.107070555555556
chr6_122591000_122592000	chr6_122706000_122707000	0.070589	65	-115000	2	0.107070555555556
chr6_122486000_122487000	chr6_122706000_122707000	0.070115	66	-220000	2	0.107070555555556
chr6_122546000_122547000	chr6_122706000_122707000	0.069376	67	-160000	2	0.107070555555556
chr6_122726000_122727000	chr6_122706000_122707000	0.069235	68	20000	2	0.107070555555556
chr6_122496000_122497000	chr6_122706000_122707000	0.068731	69	-210000	2	0.107070555555556
chr6_122770000_122771000	chr6_122706000_122707000	0.067009	70	64000	2	0.107070555555556
chr6_122317000_122318000	chr6_122706000_122707000	0.066729	71	-389000	2	0.107070555555556
chr6_122356000_122357000	chr6_122706000_122707000	0.063027	72	-350000	2	0.107070555555556
chr6_122393000_122394000	chr6_122706000_122707000	0.059395	73	-313000	2	0.107070555555556
chr6_122305000_122306000	chr6_122706000_122707000	0.058563	74	-401000	2	0.107070555555556
chr6_122392000_122393000	chr6_122706000_122707000	0.058062	75	-314000	2	0.107070555555556
chr6_122768000_122769000	chr6_122706000_122707000	0.057177	76	62000	2	0.107070555555556
chr6_123657000_123658000	chr6_122706000_122707000	0.057143	78	951000	2	0.107070555555556
chr6_123137000_123138000	chr6_122706000_122707000	0.057143	78	431000	2	0.107070555555556
chr6_123327000_123328000	chr6_122706000_122707000	0.057143	78	621000	2	0.107070555555556
chr6_122598000_122599000	chr6_122706000_122707000	0.055984	80	-108000	2	0.107070555555556
chr6_122666000_122667000	chr6_122706000_122707000	0.055002	81	-40000	2	0.107070555555556
chr6_122347000_122348000	chr6_122706000_122707000	0.052914	82	-359000	2	0.107070555555556
chr6_122337000_122338000	chr6_122706000_122707000	0.052137	83	-369000	2	0.107070555555556
chr6_122869000_122870000	chr6_122706000_122707000	0.041796	84	163000	3	-0.0101870666666667
chr6_122346000_122347000	chr6_122706000_122707000	0.037911	85	-360000	3	-0.0101870666666667
chr6_122320000_122321000	chr6_122706000_122707000	0.035999	86	-386000	3	-0.0101870666666667
chr6_122741000_122742000	chr6_122706000_122707000	0.035577	87	35000	3	-0.0101870666666667
chr6_122561000_122562000	chr6_122706000_122707000	0.03553	88	-145000	3	-0.0101870666666667
chr6_122570000_122571000	chr6_122706000_122707000	0.033876	89	-136000	3	-0.0101870666666667
chr6_122716000_122717000	chr6_122706000_122707000	0.031058	90	10000	3	-0.0101870666666667
chr6_122667000_122668000	chr6_122706000_122707000	0.030785	91	-39000	3	-0.0101870666666667
chr6_122812000_122813000	chr6_122706000_122707000	0.02985	92	106000	3	-0.0101870666666667
chr6_122780000_122781000	chr6_122706000_122707000	0.028997	93	74000	3	-0.0101870666666667
chr6_122565000_122566000	chr6_122706000_122707000	0.028571	100.5	-141000	3	-0.0101870666666667
chr6_122608000_122609000	chr6_122706000_122707000	0.028571	100.5	-98000	3	-0.0101870666666667
chr6_122784000_122785000	chr6_122706000_122707000	0.028571	100.5	78000	3	-0.0101870666666667
chr6_122825000_122826000	chr6_122706000_122707000	0.028571	100.5	119000	3	-0.0101870666666667
chr6_122439000_122440000	chr6_122706000_122707000	0.028571	100.5	-267000	3	-0.0101870666666667
chr6_122625000_122626000	chr6_122706000_122707000	0.028571	100.5	-81000	3	-0.0101870666666667
chr6_122635000_122636000	chr6_122706000_122707000	0.028571	100.5	-71000	3	-0.0101870666666667
chr6_122719000_122720000	chr6_122706000_122707000	0.028571	100.5	13000	3	-0.0101870666666667
chr6_122734000_122735000	chr6_122706000_122707000	0.028571	100.5	28000	3	-0.0101870666666667
chr6_122771000_122772000	chr6_122706000_122707000	0.028571	100.5	65000	3	-0.0101870666666667
chr6_122819000_122820000	chr6_122706000_122707000	0.028571	100.5	113000	3	-0.0101870666666667
chr6_122820000_122821000	chr6_122706000_122707000	0.028571	100.5	114000	3	-0.0101870666666667
chr6_122772000_122773000	chr6_122706000_122707000	0.028571	100.5	66000	3	-0.0101870666666667
chr6_122801000_122802000	chr6_122706000_122707000	0.028571	100.5	95000	3	-0.0101870666666667
chr6_122766000_122767000	chr6_122706000_122707000	0.028082	108	60000	3	-0.0101870666666667
chr6_122521000_122522000	chr6_122706000_122707000	0.023212	109	-185000	3	-0.0101870666666667
chr6_122709000_122710000	chr6_122706000_122707000	0.020252	110	3000	3	-0.0101870666666667
chr6_122494000_122495000	chr6_122706000_122707000	0.019451	111	-212000	3	-0.0101870666666667
chr6_122313000_122314000	chr6_122706000_122707000	0.019173	112	-393000	3	-0.0101870666666667
chr6_122505000_122506000	chr6_122706000_122707000	0.019108	113	-201000	3	-0.0101870666666667
chr6_122562000_122563000	chr6_122706000_122707000	0.017474	114	-144000	3	-0.0101870666666667
chr6_122391000_122392000	chr6_122706000_122707000	0.017312	115	-315000	3	-0.0101870666666667
chr6_122316000_122317000	chr6_122706000_122707000	0.016837	116	-390000	3	-0.0101870666666667
chr6_122762000_122763000	chr6_122706000_122707000	0.016332	117	56000	3	-0.0101870666666667
chr6_122731000_122732000	chr6_122706000_122707000	0.014981	118	25000	3	-0.0101870666666667
chr6_123138000_123139000	chr6_122706000_122707000	0.013909	119	432000	3	-0.0101870666666667
chr6_122739000_122740000	chr6_122706000_122707000	0.013161	120	33000	3	-0.0101870666666667
chr6_122690000_122691000	chr6_122706000_122707000	0.008633	121	-16000	3	-0.0101870666666667
chr6_122732000_122733000	chr6_122706000_122707000	0.007395	122	26000	3	-0.0101870666666667
chr6_122670000_122671000	chr6_122706000_122707000	0.007317	123	-36000	3	-0.0101870666666667
chr6_122339000_122340000	chr6_122706000_122707000	0.007129	124	-367000	3	-0.0101870666666667
chr6_122369000_122370000	chr6_122706000_122707000	0.003233	125	-337000	3	-0.0101870666666667
chr6_122795000_122796000	chr6_122706000_122707000	0.002726	126	89000	3	-0.0101870666666667
chr6_122785000_122786000	chr6_122706000_122707000	0.001363	127	79000	3	-0.0101870666666667
chr6_122826000_122827000	chr6_122706000_122707000	0.000934	128	120000	3	-0.0101870666666667
chr6_122727000_122728000	chr6_122706000_122707000	0.000375	129	21000	3	-0.0101870666666667
chr6_122334000_122335000	chr6_122706000_122707000	0	139.5	-372000	3	-0.0101870666666667
chr6_122495000_122496000	chr6_122706000_122707000	0	139.5	-211000	3	-0.0101870666666667
chr6_122595000_122596000	chr6_122706000_122707000	0	139.5	-111000	3	-0.0101870666666667
chr6_122833000_122834000	chr6_122706000_122707000	0	139.5	127000	3	-0.0101870666666667
chr6_122492000_122493000	chr6_122706000_122707000	0	139.5	-214000	3	-0.0101870666666667
chr6_122523000_122524000	chr6_122706000_122707000	0	139.5	-183000	3	-0.0101870666666667
chr6_122571000_122572000	chr6_122706000_122707000	0	139.5	-135000	3	-0.0101870666666667
chr6_122720000_122721000	chr6_122706000_122707000	0	139.5	14000	3	-0.0101870666666667
chr6_122742000_122743000	chr6_122706000_122707000	0	139.5	36000	3	-0.0101870666666667
chr6_122758000_122759000	chr6_122706000_122707000	0	139.5	52000	3	-0.0101870666666667
chr6_122764000_122765000	chr6_122706000_122707000	0	139.5	58000	3	-0.0101870666666667
chr6_122802000_122803000	chr6_122706000_122707000	0	139.5	96000	3	-0.0101870666666667
chr6_122804000_122805000	chr6_122706000_122707000	0	139.5	98000	3	-0.0101870666666667
chr6_122874000_122875000	chr6_122706000_122707000	0	139.5	168000	3	-0.0101870666666667
chr6_122892000_122893000	chr6_122706000_122707000	0	139.5	186000	3	-0.0101870666666667
chr6_122935000_122936000	chr6_122706000_122707000	0	139.5	229000	3	-0.0101870666666667
chr6_123696000_123697000	chr6_122706000_122707000	0	139.5	990000	3	-0.0101870666666667
chr6_122659000_122660000	chr6_122706000_122707000	0	139.5	-47000	3	-0.0101870666666667
chr6_122689000_122690000	chr6_122706000_122707000	0	139.5	-17000	3	-0.0101870666666667
chr6_122828000_122829000	chr6_122706000_122707000	0	139.5	122000	3	-0.0101870666666667
chr6_122554000_122555000	chr6_122706000_122707000	-0.000407	150	-152000	3	-0.0101870666666667
chr6_122469000_122470000	chr6_122706000_122707000	-0.000548	151	-237000	3	-0.0101870666666667
chr6_122628000_122629000	chr6_122706000_122707000	-0.000651	152	-78000	3	-0.0101870666666667
chr6_122513000_122514000	chr6_122706000_122707000	-0.00072	153.5	-193000	3	-0.0101870666666667
chr6_122355000_122356000	chr6_122706000_122707000	-0.00072	153.5	-351000	3	-0.0101870666666667
chr6_123697000_123698000	chr6_122706000_122707000	-0.001836	155	991000	3	-0.0101870666666667
chr6_122325000_122326000	chr6_122706000_122707000	-0.003302	156	-381000	3	-0.0101870666666667
chr6_122698000_122699000	chr6_122706000_122707000	-0.003482	157	-8000	3	-0.0101870666666667
chr6_122782000_122783000	chr6_122706000_122707000	-0.00377	158	76000	3	-0.0101870666666667
chr6_122560000_122561000	chr6_122706000_122707000	-0.004297	159	-146000	3	-0.0101870666666667
chr6_122856000_122857000	chr6_122706000_122707000	-0.00445	160	150000	3	-0.0101870666666667
chr6_122606000_122607000	chr6_122706000_122707000	-0.005999	161	-100000	3	-0.0101870666666667
chr6_122600000_122601000	chr6_122706000_122707000	-0.008923	162	-106000	3	-0.0101870666666667
chr6_122737000_122738000	chr6_122706000_122707000	-0.009463	163	31000	3	-0.0101870666666667
chr6_122310000_122311000	chr6_122706000_122707000	-0.009809	164	-396000	3	-0.0101870666666667
chr6_122487000_122488000	chr6_122706000_122707000	-0.012215	165	-219000	3	-0.0101870666666667
chr6_122661000_122662000	chr6_122706000_122707000	-0.012424	166	-45000	3	-0.0101870666666667
chr6_122309000_122310000	chr6_122706000_122707000	-0.012753	167	-397000	3	-0.0101870666666667
chr6_122332000_122333000	chr6_122706000_122707000	-0.014659	168	-374000	3	-0.0101870666666667
chr6_122258000_122259000	chr6_122706000_122707000	-0.015693	169	-448000	3	-0.0101870666666667
chr6_122811000_122812000	chr6_122706000_122707000	-0.018972	170	105000	3	-0.0101870666666667
chr6_122614000_122615000	chr6_122706000_122707000	-0.020257	171	-92000	3	-0.0101870666666667
chr6_122345000_122346000	chr6_122706000_122707000	-0.024218	172	-361000	3	-0.0101870666666667
chr6_122729000_122730000	chr6_122706000_122707000	-0.028571	180	23000	3	-0.0101870666666667
chr6_122545000_122546000	chr6_122706000_122707000	-0.028571	180	-161000	3	-0.0101870666666667
chr6_122602000_122603000	chr6_122706000_122707000	-0.028571	180	-104000	3	-0.0101870666666667
chr6_122735000_122736000	chr6_122706000_122707000	-0.028571	180	29000	3	-0.0101870666666667
chr6_122533000_122534000	chr6_122706000_122707000	-0.028571	180	-173000	3	-0.0101870666666667
chr6_122653000_122654000	chr6_122706000_122707000	-0.028571	180	-53000	3	-0.0101870666666667
chr6_122702000_122703000	chr6_122706000_122707000	-0.028571	180	-4000	3	-0.0101870666666667
chr6_122821000_122822000	chr6_122706000_122707000	-0.028571	180	115000	3	-0.0101870666666667
chr6_122532000_122533000	chr6_122706000_122707000	-0.028571	180	-174000	3	-0.0101870666666667
chr6_122640000_122641000	chr6_122706000_122707000	-0.028571	180	-66000	3	-0.0101870666666667
chr6_123328000_123329000	chr6_122706000_122707000	-0.028571	180	622000	3	-0.0101870666666667
chr6_122522000_122523000	chr6_122706000_122707000	-0.028571	180	-184000	3	-0.0101870666666667
chr6_122633000_122634000	chr6_122706000_122707000	-0.028571	180	-73000	3	-0.0101870666666667
chr6_122834000_122835000	chr6_122706000_122707000	-0.028571	180	128000	3	-0.0101870666666667
chr6_122617000_122618000	chr6_122706000_122707000	-0.028571	180	-89000	3	-0.0101870666666667
chr6_122298000_122299000	chr6_122706000_122707000	-0.029211	188	-408000	3	-0.0101870666666667
chr6_122810000_122811000	chr6_122706000_122707000	-0.029464	189	104000	3	-0.0101870666666667
chr6_122703000_122704000	chr6_122706000_122707000	-0.029758	190	-3000	3	-0.0101870666666667
chr6_122786000_122787000	chr6_122706000_122707000	-0.03021	191	80000	3	-0.0101870666666667
chr6_122773000_122774000	chr6_122706000_122707000	-0.031095	192	67000	3	-0.0101870666666667
chr6_122402000_122403000	chr6_122706000_122707000	-0.032407	193	-304000	3	-0.0101870666666667
chr6_122343000_122344000	chr6_122706000_122707000	-0.033783	194	-363000	3	-0.0101870666666667
chr6_122304000_122305000	chr6_122706000_122707000	-0.038823	195	-402000	3	-0.0101870666666667
chr6_122824000_122825000	chr6_122706000_122707000	-0.03988	196	118000	3	-0.0101870666666667
chr6_122319000_122320000	chr6_122706000_122707000	-0.046283	197	-387000	3	-0.0101870666666667
chr6_122329000_122330000	chr6_122706000_122707000	-0.046407	198	-377000	3	-0.0101870666666667
chr6_123340000_123341000	chr6_122706000_122707000	-0.057143	202.5	634000	3	-0.0101870666666667
chr6_122553000_122554000	chr6_122706000_122707000	-0.057143	202.5	-153000	3	-0.0101870666666667
chr6_122699000_122700000	chr6_122706000_122707000	-0.057143	202.5	-7000	3	-0.0101870666666667
chr6_122883000_122884000	chr6_122706000_122707000	-0.057143	202.5	177000	3	-0.0101870666666667
chr6_122989000_122990000	chr6_122706000_122707000	-0.057143	202.5	283000	3	-0.0101870666666667
chr6_122531000_122532000	chr6_122706000_122707000	-0.057143	202.5	-175000	3	-0.0101870666666667
chr6_122730000_122731000	chr6_122706000_122707000	-0.057143	202.5	24000	3	-0.0101870666666667
chr6_122759000_122760000	chr6_122706000_122707000	-0.057143	202.5	53000	3	-0.0101870666666667
chr6_122463000_122464000	chr6_122706000_122707000	-0.059551	207	-243000	3	-0.0101870666666667
chr6_122471000_122472000	chr6_122706000_122707000	-0.060185	208	-235000	3	-0.0101870666666667
chr6_122378000_122379000	chr6_122706000_122707000	-0.061801	209	-328000	3	-0.0101870666666667
chr6_122312000_122313000	chr6_122706000_122707000	-0.066485	210	-394000	3	-0.0101870666666667
chr6_122295000_122296000	chr6_122706000_122707000	-0.075086	211	-411000	3	-0.0101870666666667
chr6_122636000_122637000	chr6_122706000_122707000	-0.075943	212	-70000	3	-0.0101870666666667
chr6_122760000_122761000	chr6_122706000_122707000	-0.085714	213.5	54000	3	-0.0101870666666667
chr6_122875000_122876000	chr6_122706000_122707000	-0.085714	213.5	169000	3	-0.0101870666666667
chr6_122593000_122594000	chr6_122706000_122707000	-0.087413	215	-113000	3	-0.0101870666666667
chr6_122618000_122619000	chr6_122706000_122707000	-0.087747	216	-88000	3	-0.0101870666666667
chr6_122740000_122741000	chr6_122706000_122707000	-0.092239	217	34000	3	-0.0101870666666667
chr6_122314000_122315000	chr6_122706000_122707000	-0.09454	218	-392000	3	-0.0101870666666667
