interact_region	promoter_region	pred	RF_rank	distance	kmeans	clustmean
chr6_122310000_122311000	chr6_122856000_122857000	0.387178	1	-546000	1	0.205872238095238
chr6_122565000_122566000	chr6_122856000_122857000	0.375008	2	-291000	1	0.205872238095238
chr6_122782000_122783000	chr6_122856000_122857000	0.258976	3	-74000	1	0.205872238095238
chr6_122560000_122561000	chr6_122856000_122857000	0.246425	4	-296000	1	0.205872238095238
chr6_122875000_122876000	chr6_122856000_122857000	0.224542	5	19000	1	0.205872238095238
chr6_122795000_122796000	chr6_122856000_122857000	0.214439	6	-61000	1	0.205872238095238
chr6_122804000_122805000	chr6_122856000_122857000	0.213688	7	-52000	1	0.205872238095238
chr6_122689000_122690000	chr6_122856000_122857000	0.208305	8	-167000	1	0.205872238095238
chr6_123795000_123796000	chr6_122856000_122857000	0.208292	9	939000	1	0.205872238095238
chr6_122495000_122496000	chr6_122856000_122857000	0.192179	10	-361000	1	0.205872238095238
chr6_122554000_122555000	chr6_122856000_122857000	0.190351	11	-302000	1	0.205872238095238
chr6_122571000_122572000	chr6_122856000_122857000	0.189729	12	-285000	1	0.205872238095238
chr6_122812000_122813000	chr6_122856000_122857000	0.185423	13	-44000	1	0.205872238095238
chr6_122819000_122820000	chr6_122856000_122857000	0.175673	14	-37000	1	0.205872238095238
chr6_122546000_122547000	chr6_122856000_122857000	0.163181	15	-310000	1	0.205872238095238
chr6_122496000_122497000	chr6_122856000_122857000	0.16005	16	-360000	1	0.205872238095238
chr6_122618000_122619000	chr6_122856000_122857000	0.158391	17	-238000	1	0.205872238095238
chr6_122319000_122320000	chr6_122856000_122857000	0.152192	18	-537000	1	0.205872238095238
chr6_122528000_122529000	chr6_122856000_122857000	0.150339	19	-328000	1	0.205872238095238
chr6_122825000_122826000	chr6_122856000_122857000	0.137206	20	-31000	1	0.205872238095238
chr6_122305000_122306000	chr6_122856000_122857000	0.13175	21	-551000	1	0.205872238095238
chr6_122258000_122259000	chr6_122856000_122857000	0.127734	22	-598000	2	0.0522143974358975
chr6_122297000_122298000	chr6_122856000_122857000	0.123457	23	-559000	2	0.0522143974358975
chr6_122471000_122472000	chr6_122856000_122857000	0.114286	24	-385000	2	0.0522143974358975
chr6_122505000_122506000	chr6_122856000_122857000	0.10932	25	-351000	2	0.0522143974358975
chr6_122760000_122761000	chr6_122856000_122857000	0.102203	26	-96000	2	0.0522143974358975
chr6_122602000_122603000	chr6_122856000_122857000	0.09562	27	-254000	2	0.0522143974358975
chr6_122600000_122601000	chr6_122856000_122857000	0.094658	28	-256000	2	0.0522143974358975
chr6_122870000_122871000	chr6_122856000_122857000	0.092158	29	14000	2	0.0522143974358975
chr6_122608000_122609000	chr6_122856000_122857000	0.090878	30	-248000	2	0.0522143974358975
chr6_122874000_122875000	chr6_122856000_122857000	0.090567	31	18000	2	0.0522143974358975
chr6_122545000_122546000	chr6_122856000_122857000	0.088815	32	-311000	2	0.0522143974358975
chr6_122811000_122812000	chr6_122856000_122857000	0.088482	33	-45000	2	0.0522143974358975
chr6_122833000_122834000	chr6_122856000_122857000	0.088072	34	-23000	2	0.0522143974358975
chr6_122635000_122636000	chr6_122856000_122857000	0.078628	35	-221000	2	0.0522143974358975
chr6_122343000_122344000	chr6_122856000_122857000	0.077372	36	-513000	2	0.0522143974358975
chr6_122624000_122625000	chr6_122856000_122857000	0.076984	37	-232000	2	0.0522143974358975
chr6_122669000_122670000	chr6_122856000_122857000	0.072363	38	-187000	2	0.0522143974358975
chr6_122338000_122339000	chr6_122856000_122857000	0.071122	39	-518000	2	0.0522143974358975
chr6_122614000_122615000	chr6_122856000_122857000	0.067362	40	-242000	2	0.0522143974358975
chr6_122329000_122330000	chr6_122856000_122857000	0.066224	41	-527000	2	0.0522143974358975
chr6_122322000_122323000	chr6_122856000_122857000	0.066036	42	-534000	2	0.0522143974358975
chr6_122802000_122803000	chr6_122856000_122857000	0.061962	43	-54000	2	0.0522143974358975
chr6_122670000_122671000	chr6_122856000_122857000	0.058208	44	-186000	2	0.0522143974358975
chr6_122698000_122699000	chr6_122856000_122857000	0.057919	45	-158000	2	0.0522143974358975
chr6_122531000_122532000	chr6_122856000_122857000	0.057584	46	-325000	2	0.0522143974358975
chr6_122883000_122884000	chr6_122856000_122857000	0.057143	51.5	27000	2	0.0522143974358975
chr6_122786000_122787000	chr6_122856000_122857000	0.057143	51.5	-70000	2	0.0522143974358975
chr6_122340000_122341000	chr6_122856000_122857000	0.057143	51.5	-516000	2	0.0522143974358975
chr6_122366000_122367000	chr6_122856000_122857000	0.057143	51.5	-490000	2	0.0522143974358975
chr6_122533000_122534000	chr6_122856000_122857000	0.057143	51.5	-323000	2	0.0522143974358975
chr6_122607000_122608000	chr6_122856000_122857000	0.057143	51.5	-249000	2	0.0522143974358975
chr6_122663000_122664000	chr6_122856000_122857000	0.057143	51.5	-193000	2	0.0522143974358975
chr6_122708000_122709000	chr6_122856000_122857000	0.057143	51.5	-148000	2	0.0522143974358975
chr6_122770000_122771000	chr6_122856000_122857000	0.057143	51.5	-86000	2	0.0522143974358975
chr6_122826000_122827000	chr6_122856000_122857000	0.057143	51.5	-30000	2	0.0522143974358975
chr6_122628000_122629000	chr6_122856000_122857000	0.057095	57	-228000	2	0.0522143974358975
chr6_122314000_122315000	chr6_122856000_122857000	0.054696	58	-542000	2	0.0522143974358975
chr6_122532000_122533000	chr6_122856000_122857000	0.053031	59	-324000	2	0.0522143974358975
chr6_122345000_122346000	chr6_122856000_122857000	0.051465	60	-511000	2	0.0522143974358975
chr6_122334000_122335000	chr6_122856000_122857000	0.049767	61	-522000	2	0.0522143974358975
chr6_122784000_122785000	chr6_122856000_122857000	0.046574	62	-72000	2	0.0522143974358975
chr6_122633000_122634000	chr6_122856000_122857000	0.04653	63	-223000	2	0.0522143974358975
chr6_122562000_122563000	chr6_122856000_122857000	0.039907	64	-294000	2	0.0522143974358975
chr6_122316000_122317000	chr6_122856000_122857000	0.039634	65	-540000	2	0.0522143974358975
chr6_122553000_122554000	chr6_122856000_122857000	0.036803	66	-303000	2	0.0522143974358975
chr6_122317000_122318000	chr6_122856000_122857000	0.033429	67	-539000	2	0.0522143974358975
chr6_122810000_122811000	chr6_122856000_122857000	0.033281	68	-46000	2	0.0522143974358975
chr6_122715000_122716000	chr6_122856000_122857000	0.032755	69	-141000	2	0.0522143974358975
chr6_122346000_122347000	chr6_122856000_122857000	0.031824	70	-510000	2	0.0522143974358975
chr6_122773000_122774000	chr6_122856000_122857000	0.028571	80.5	-83000	2	0.0522143974358975
chr6_122726000_122727000	chr6_122856000_122857000	0.028571	80.5	-130000	2	0.0522143974358975
chr6_122521000_122522000	chr6_122856000_122857000	0.028571	80.5	-335000	2	0.0522143974358975
chr6_122522000_122523000	chr6_122856000_122857000	0.028571	80.5	-334000	2	0.0522143974358975
chr6_122660000_122661000	chr6_122856000_122857000	0.028571	80.5	-196000	2	0.0522143974358975
chr6_122728000_122729000	chr6_122856000_122857000	0.028571	80.5	-128000	2	0.0522143974358975
chr6_122824000_122825000	chr6_122856000_122857000	0.028571	80.5	-32000	2	0.0522143974358975
chr6_123137000_123138000	chr6_122856000_122857000	0.028571	80.5	281000	2	0.0522143974358975
chr6_122323000_122324000	chr6_122856000_122857000	0.028571	80.5	-533000	2	0.0522143974358975
chr6_122392000_122393000	chr6_122856000_122857000	0.028571	80.5	-464000	2	0.0522143974358975
chr6_122617000_122618000	chr6_122856000_122857000	0.028571	80.5	-239000	2	0.0522143974358975
chr6_122626000_122627000	chr6_122856000_122857000	0.028571	80.5	-230000	2	0.0522143974358975
chr6_122696000_122697000	chr6_122856000_122857000	0.028571	80.5	-160000	2	0.0522143974358975
chr6_122768000_122769000	chr6_122856000_122857000	0.028571	80.5	-88000	2	0.0522143974358975
chr6_122820000_122821000	chr6_122856000_122857000	0.028571	80.5	-36000	2	0.0522143974358975
chr6_123004000_123005000	chr6_122856000_122857000	0.028571	80.5	148000	2	0.0522143974358975
chr6_123328000_123329000	chr6_122856000_122857000	0.028571	80.5	472000	2	0.0522143974358975
chr6_122328000_122329000	chr6_122856000_122857000	0.028571	80.5	-528000	2	0.0522143974358975
chr6_122734000_122735000	chr6_122856000_122857000	0.028571	80.5	-122000	2	0.0522143974358975
chr6_123696000_123697000	chr6_122856000_122857000	0.028571	80.5	840000	2	0.0522143974358975
chr6_122355000_122356000	chr6_122856000_122857000	0.027898	91	-501000	2	0.0522143974358975
chr6_122336000_122337000	chr6_122856000_122857000	0.027191	92	-520000	2	0.0522143974358975
chr6_122332000_122333000	chr6_122856000_122857000	0.024117	93	-524000	2	0.0522143974358975
chr6_122494000_122495000	chr6_122856000_122857000	0.023808	94	-362000	2	0.0522143974358975
chr6_122636000_122637000	chr6_122856000_122857000	0.023036	95	-220000	2	0.0522143974358975
chr6_122523000_122524000	chr6_122856000_122857000	0.021887	96	-333000	2	0.0522143974358975
chr6_122309000_122310000	chr6_122856000_122857000	0.021296	97	-547000	2	0.0522143974358975
chr6_122759000_122760000	chr6_122856000_122857000	0.019289	98	-97000	2	0.0522143974358975
chr6_122463000_122464000	chr6_122856000_122857000	0.016546	99	-393000	2	0.0522143974358975
chr6_122485000_122486000	chr6_122856000_122857000	0.01449	100	-371000	3	-0.020732848
chr6_122557000_122558000	chr6_122856000_122857000	0.013489	101	-299000	3	-0.020732848
chr6_122702000_122703000	chr6_122856000_122857000	0.012812	102	-154000	3	-0.020732848
chr6_122308000_122309000	chr6_122856000_122857000	0.012263	103	-548000	3	-0.020732848
chr6_122758000_122759000	chr6_122856000_122857000	0.012132	104	-98000	3	-0.020732848
chr6_122487000_122488000	chr6_122856000_122857000	0.009679	105	-369000	3	-0.020732848
chr6_123138000_123139000	chr6_122856000_122857000	0.008014	106	282000	3	-0.020732848
chr6_122341000_122342000	chr6_122856000_122857000	0.00782	107	-515000	3	-0.020732848
chr6_122703000_122704000	chr6_122856000_122857000	0.001789	108	-153000	3	-0.020732848
chr6_122664000_122665000	chr6_122856000_122857000	0.000376	109	-192000	3	-0.020732848
chr6_122315000_122316000	chr6_122856000_122857000	0.00012	110	-541000	3	-0.020732848
chr6_122342000_122343000	chr6_122856000_122857000	0	132	-514000	3	-0.020732848
chr6_122632000_122633000	chr6_122856000_122857000	0	132	-224000	3	-0.020732848
chr6_122640000_122641000	chr6_122856000_122857000	0	132	-216000	3	-0.020732848
chr6_122771000_122772000	chr6_122856000_122857000	0	132	-85000	3	-0.020732848
chr6_122365000_122366000	chr6_122856000_122857000	0	132	-491000	3	-0.020732848
chr6_122367000_122368000	chr6_122856000_122857000	0	132	-489000	3	-0.020732848
chr6_122486000_122487000	chr6_122856000_122857000	0	132	-370000	3	-0.020732848
chr6_122491000_122492000	chr6_122856000_122857000	0	132	-365000	3	-0.020732848
chr6_122492000_122493000	chr6_122856000_122857000	0	132	-364000	3	-0.020732848
chr6_122561000_122562000	chr6_122856000_122857000	0	132	-295000	3	-0.020732848
chr6_122609000_122610000	chr6_122856000_122857000	0	132	-247000	3	-0.020732848
chr6_122659000_122660000	chr6_122856000_122857000	0	132	-197000	3	-0.020732848
chr6_122667000_122668000	chr6_122856000_122857000	0	132	-189000	3	-0.020732848
chr6_122686000_122687000	chr6_122856000_122857000	0	132	-170000	3	-0.020732848
chr6_122706000_122707000	chr6_122856000_122857000	0	132	-150000	3	-0.020732848
chr6_122709000_122710000	chr6_122856000_122857000	0	132	-147000	3	-0.020732848
chr6_122713000_122714000	chr6_122856000_122857000	0	132	-143000	3	-0.020732848
chr6_122720000_122721000	chr6_122856000_122857000	0	132	-136000	3	-0.020732848
chr6_122727000_122728000	chr6_122856000_122857000	0	132	-129000	3	-0.020732848
chr6_122732000_122733000	chr6_122856000_122857000	0	132	-124000	3	-0.020732848
chr6_122735000_122736000	chr6_122856000_122857000	0	132	-121000	3	-0.020732848
chr6_122740000_122741000	chr6_122856000_122857000	0	132	-116000	3	-0.020732848
chr6_122743000_122744000	chr6_122856000_122857000	0	132	-113000	3	-0.020732848
chr6_122744000_122745000	chr6_122856000_122857000	0	132	-112000	3	-0.020732848
chr6_122761000_122762000	chr6_122856000_122857000	0	132	-95000	3	-0.020732848
chr6_122763000_122764000	chr6_122856000_122857000	0	132	-93000	3	-0.020732848
chr6_122765000_122766000	chr6_122856000_122857000	0	132	-91000	3	-0.020732848
chr6_122769000_122770000	chr6_122856000_122857000	0	132	-87000	3	-0.020732848
chr6_122785000_122786000	chr6_122856000_122857000	0	132	-71000	3	-0.020732848
chr6_122834000_122835000	chr6_122856000_122857000	0	132	-22000	3	-0.020732848
chr6_122892000_122893000	chr6_122856000_122857000	0	132	36000	3	-0.020732848
chr6_123327000_123328000	chr6_122856000_122857000	0	132	471000	3	-0.020732848
chr6_123332000_123333000	chr6_122856000_122857000	0	132	476000	3	-0.020732848
chr6_123646000_123647000	chr6_122856000_122857000	0	132	790000	3	-0.020732848
chr6_123784000_123785000	chr6_122856000_122857000	0	132	928000	3	-0.020732848
chr6_123785000_123786000	chr6_122856000_122857000	0	132	929000	3	-0.020732848
chr6_123793000_123794000	chr6_122856000_122857000	0	132	937000	3	-0.020732848
chr6_123818000_123819000	chr6_122856000_122857000	0	132	962000	3	-0.020732848
chr6_122764000_122765000	chr6_122856000_122857000	0	132	-92000	3	-0.020732848
chr6_122653000_122654000	chr6_122856000_122857000	0	132	-203000	3	-0.020732848
chr6_122719000_122720000	chr6_122856000_122857000	0	132	-137000	3	-0.020732848
chr6_122741000_122742000	chr6_122856000_122857000	0	132	-115000	3	-0.020732848
chr6_122745000_122746000	chr6_122856000_122857000	0	132	-111000	3	-0.020732848
chr6_123810000_123811000	chr6_122856000_122857000	-0.000318	154	954000	3	-0.020732848
chr6_122742000_122743000	chr6_122856000_122857000	-0.001057	155	-114000	3	-0.020732848
chr6_122780000_122781000	chr6_122856000_122857000	-0.004117	156	-76000	3	-0.020732848
chr6_122625000_122626000	chr6_122856000_122857000	-0.004294	157	-231000	3	-0.020732848
chr6_122593000_122594000	chr6_122856000_122857000	-0.004316	158	-263000	3	-0.020732848
chr6_122666000_122667000	chr6_122856000_122857000	-0.005484	159	-190000	3	-0.020732848
chr6_122393000_122394000	chr6_122856000_122857000	-0.0067	160	-463000	3	-0.020732848
chr6_122344000_122345000	chr6_122856000_122857000	-0.006866	161	-512000	3	-0.020732848
chr6_123647000_123648000	chr6_122856000_122857000	-0.008438	162	791000	3	-0.020732848
chr6_122331000_122332000	chr6_122856000_122857000	-0.010766	163	-525000	3	-0.020732848
chr6_122570000_122571000	chr6_122856000_122857000	-0.017891	164	-286000	3	-0.020732848
chr6_122469000_122470000	chr6_122856000_122857000	-0.018832	165	-387000	3	-0.020732848
chr6_122259000_122260000	chr6_122856000_122857000	-0.022583	166	-597000	3	-0.020732848
chr6_122304000_122305000	chr6_122856000_122857000	-0.023063	167	-552000	3	-0.020732848
chr6_123005000_123006000	chr6_122856000_122857000	-0.024393	168	149000	3	-0.020732848
chr6_122513000_122514000	chr6_122856000_122857000	-0.02837	169	-343000	3	-0.020732848
chr6_122369000_122370000	chr6_122856000_122857000	-0.028571	178.5	-487000	3	-0.020732848
chr6_122801000_122802000	chr6_122856000_122857000	-0.028571	178.5	-55000	3	-0.020732848
chr6_122339000_122340000	chr6_122856000_122857000	-0.028571	178.5	-517000	3	-0.020732848
chr6_122356000_122357000	chr6_122856000_122857000	-0.028571	178.5	-500000	3	-0.020732848
chr6_122368000_122369000	chr6_122856000_122857000	-0.028571	178.5	-488000	3	-0.020732848
chr6_122606000_122607000	chr6_122856000_122857000	-0.028571	178.5	-250000	3	-0.020732848
chr6_122662000_122663000	chr6_122856000_122857000	-0.028571	178.5	-194000	3	-0.020732848
chr6_122729000_122730000	chr6_122856000_122857000	-0.028571	178.5	-127000	3	-0.020732848
chr6_122739000_122740000	chr6_122856000_122857000	-0.028571	178.5	-117000	3	-0.020732848
chr6_122767000_122768000	chr6_122856000_122857000	-0.028571	178.5	-89000	3	-0.020732848
chr6_122869000_122870000	chr6_122856000_122857000	-0.028571	178.5	13000	3	-0.020732848
chr6_122627000_122628000	chr6_122856000_122857000	-0.028571	178.5	-229000	3	-0.020732848
chr6_122737000_122738000	chr6_122856000_122857000	-0.028571	178.5	-119000	3	-0.020732848
chr6_122828000_122829000	chr6_122856000_122857000	-0.028571	178.5	-28000	3	-0.020732848
chr6_123340000_123341000	chr6_122856000_122857000	-0.028571	178.5	484000	3	-0.020732848
chr6_123657000_123658000	chr6_122856000_122857000	-0.028571	178.5	801000	3	-0.020732848
chr6_122610000_122611000	chr6_122856000_122857000	-0.028571	178.5	-246000	3	-0.020732848
chr6_122766000_122767000	chr6_122856000_122857000	-0.028571	178.5	-90000	3	-0.020732848
chr6_122439000_122440000	chr6_122856000_122857000	-0.02895	188	-417000	3	-0.020732848
chr6_122318000_122319000	chr6_122856000_122857000	-0.029113	189	-538000	3	-0.020732848
chr6_122337000_122338000	chr6_122856000_122857000	-0.029126	190	-519000	3	-0.020732848
chr6_122313000_122314000	chr6_122856000_122857000	-0.030329	191	-543000	3	-0.020732848
chr6_122320000_122321000	chr6_122856000_122857000	-0.031353	192	-536000	3	-0.020732848
chr6_123697000_123698000	chr6_122856000_122857000	-0.03509	193	841000	3	-0.020732848
chr6_122661000_122662000	chr6_122856000_122857000	-0.035769	194	-195000	3	-0.020732848
chr6_122378000_122379000	chr6_122856000_122857000	-0.038776	195	-478000	3	-0.020732848
chr6_122605000_122606000	chr6_122856000_122857000	-0.039134	196	-251000	3	-0.020732848
chr6_122882000_122883000	chr6_122856000_122857000	-0.040811	197	26000	3	-0.020732848
chr6_122731000_122732000	chr6_122856000_122857000	-0.040813	198	-125000	3	-0.020732848
chr6_122325000_122326000	chr6_122856000_122857000	-0.042148	199	-531000	3	-0.020732848
chr6_122690000_122691000	chr6_122856000_122857000	-0.048385	200	-166000	3	-0.020732848
chr6_122347000_122348000	chr6_122856000_122857000	-0.050434	201	-509000	3	-0.020732848
chr6_122595000_122596000	chr6_122856000_122857000	-0.050561	202	-261000	3	-0.020732848
chr6_122312000_122313000	chr6_122856000_122857000	-0.051436	203	-544000	3	-0.020732848
chr6_122335000_122336000	chr6_122856000_122857000	-0.053846	204	-521000	3	-0.020732848
chr6_122333000_122334000	chr6_122856000_122857000	-0.053995	205	-523000	3	-0.020732848
chr6_122402000_122403000	chr6_122856000_122857000	-0.054733	206	-454000	3	-0.020732848
chr6_122762000_122763000	chr6_122856000_122857000	-0.0568	207	-94000	3	-0.020732848
chr6_122772000_122773000	chr6_122856000_122857000	-0.057143	210	-84000	3	-0.020732848
chr6_122716000_122717000	chr6_122856000_122857000	-0.057143	210	-140000	3	-0.020732848
chr6_122730000_122731000	chr6_122856000_122857000	-0.057143	210	-126000	3	-0.020732848
chr6_122391000_122392000	chr6_122856000_122857000	-0.057143	210	-465000	3	-0.020732848
chr6_122707000_122708000	chr6_122856000_122857000	-0.057143	210	-149000	3	-0.020732848
chr6_122821000_122822000	chr6_122856000_122857000	-0.057501	213	-35000	3	-0.020732848
chr6_122712000_122713000	chr6_122856000_122857000	-0.058421	214	-144000	3	-0.020732848
chr6_122935000_122936000	chr6_122856000_122857000	-0.061245	215	79000	3	-0.020732848
chr6_122598000_122599000	chr6_122856000_122857000	-0.061847	216	-258000	3	-0.020732848
chr6_122591000_122592000	chr6_122856000_122857000	-0.061884	217	-265000	3	-0.020732848
chr6_122699000_122700000	chr6_122856000_122857000	-0.065156	218	-157000	3	-0.020732848
chr6_122298000_122299000	chr6_122856000_122857000	-0.067251	219	-558000	3	-0.020732848
chr6_122989000_122990000	chr6_122856000_122857000	-0.068828	220	133000	3	-0.020732848
chr6_122321000_122322000	chr6_122856000_122857000	-0.074033	221	-535000	3	-0.020732848
chr6_122295000_122296000	chr6_122856000_122857000	-0.085581	222	-561000	3	-0.020732848
chr6_122694000_122695000	chr6_122856000_122857000	-0.085714	223	-162000	3	-0.020732848
chr6_122126000_122127000	chr6_122856000_122857000	-0.108046	224	-730000	3	-0.020732848
