interact_region	promoter_region	pred	RF_rank	distance	kmeans	clustmean
chr6_122607000_122608000	chr6_122624000_122625000	0.345173	1	-17000	1	0.189332333333333
chr6_122716000_122717000	chr6_122624000_122625000	0.303984	2	92000	1	0.189332333333333
chr6_123328000_123329000	chr6_122624000_122625000	0.270579	3	704000	1	0.189332333333333
chr6_122315000_122316000	chr6_122624000_122625000	0.235003	4	-309000	1	0.189332333333333
chr6_122626000_122627000	chr6_122624000_122625000	0.232909	5	2000	1	0.189332333333333
chr6_122661000_122662000	chr6_122624000_122625000	0.218148	6	37000	1	0.189332333333333
chr6_122314000_122315000	chr6_122624000_122625000	0.208235	7	-310000	1	0.189332333333333
chr6_122295000_122296000	chr6_122624000_122625000	0.200081	8	-329000	1	0.189332333333333
chr6_122317000_122318000	chr6_122624000_122625000	0.189749	9	-307000	1	0.189332333333333
chr6_122608000_122609000	chr6_122624000_122625000	0.185169	10	-16000	1	0.189332333333333
chr6_122698000_122699000	chr6_122624000_122625000	0.184162	11	74000	1	0.189332333333333
chr6_122316000_122317000	chr6_122624000_122625000	0.180285	12	-308000	1	0.189332333333333
chr6_122780000_122781000	chr6_122624000_122625000	0.164833	13	156000	1	0.189332333333333
chr6_122715000_122716000	chr6_122624000_122625000	0.162913	14	91000	1	0.189332333333333
chr6_122625000_122626000	chr6_122624000_122625000	0.15727	15	1000	1	0.189332333333333
chr6_122342000_122343000	chr6_122624000_122625000	0.15723	16	-282000	1	0.189332333333333
chr6_122365000_122366000	chr6_122624000_122625000	0.149801	17	-259000	1	0.189332333333333
chr6_122328000_122329000	chr6_122624000_122625000	0.149689	18	-296000	1	0.189332333333333
chr6_123327000_123328000	chr6_122624000_122625000	0.147492	19	703000	1	0.189332333333333
chr6_122126000_122127000	chr6_122624000_122625000	0.147455	20	-498000	1	0.189332333333333
chr6_122728000_122729000	chr6_122624000_122625000	0.145847	21	104000	1	0.189332333333333
chr6_122391000_122392000	chr6_122624000_122625000	0.140524	22	-233000	1	0.189332333333333
chr6_122471000_122472000	chr6_122624000_122625000	0.137727	23	-153000	1	0.189332333333333
chr6_122699000_122700000	chr6_122624000_122625000	0.129718	24	75000	1	0.189332333333333
chr6_122356000_122357000	chr6_122624000_122625000	0.121642	25	-268000	2	0.0600069294117647
chr6_122523000_122524000	chr6_122624000_122625000	0.120466	26	-101000	2	0.0600069294117647
chr6_122713000_122714000	chr6_122624000_122625000	0.118887	27	89000	2	0.0600069294117647
chr6_122617000_122618000	chr6_122624000_122625000	0.114879	28	-7000	2	0.0600069294117647
chr6_122305000_122306000	chr6_122624000_122625000	0.112796	29	-319000	2	0.0600069294117647
chr6_122463000_122464000	chr6_122624000_122625000	0.108423	30	-161000	2	0.0600069294117647
chr6_122591000_122592000	chr6_122624000_122625000	0.104181	31	-33000	2	0.0600069294117647
chr6_122339000_122340000	chr6_122624000_122625000	0.103363	32	-285000	2	0.0600069294117647
chr6_122734000_122735000	chr6_122624000_122625000	0.102997	33	110000	2	0.0600069294117647
chr6_122367000_122368000	chr6_122624000_122625000	0.102363	34	-257000	2	0.0600069294117647
chr6_122828000_122829000	chr6_122624000_122625000	0.098833	35	204000	2	0.0600069294117647
chr6_122609000_122610000	chr6_122624000_122625000	0.097998	36	-15000	2	0.0600069294117647
chr6_122730000_122731000	chr6_122624000_122625000	0.097814	37	106000	2	0.0600069294117647
chr6_122341000_122342000	chr6_122624000_122625000	0.095875	38	-283000	2	0.0600069294117647
chr6_123340000_123341000	chr6_122624000_122625000	0.090067	39	716000	2	0.0600069294117647
chr6_122533000_122534000	chr6_122624000_122625000	0.090012	40	-91000	2	0.0600069294117647
chr6_123005000_123006000	chr6_122624000_122625000	0.087967	41	381000	2	0.0600069294117647
chr6_122320000_122321000	chr6_122624000_122625000	0.087397	42	-304000	2	0.0600069294117647
chr6_122491000_122492000	chr6_122624000_122625000	0.084835	43	-133000	2	0.0600069294117647
chr6_122521000_122522000	chr6_122624000_122625000	0.084369	44	-103000	2	0.0600069294117647
chr6_122605000_122606000	chr6_122624000_122625000	0.082518	45	-19000	2	0.0600069294117647
chr6_122989000_122990000	chr6_122624000_122625000	0.077844	46	365000	2	0.0600069294117647
chr6_122522000_122523000	chr6_122624000_122625000	0.076105	47	-102000	2	0.0600069294117647
chr6_122785000_122786000	chr6_122624000_122625000	0.075615	48	161000	2	0.0600069294117647
chr6_122335000_122336000	chr6_122624000_122625000	0.075088	49	-289000	2	0.0600069294117647
chr6_122561000_122562000	chr6_122624000_122625000	0.074963	50	-63000	2	0.0600069294117647
chr6_122338000_122339000	chr6_122624000_122625000	0.07218	51	-286000	2	0.0600069294117647
chr6_122802000_122803000	chr6_122624000_122625000	0.070906	52	178000	2	0.0600069294117647
chr6_123137000_123138000	chr6_122624000_122625000	0.07052	53	513000	2	0.0600069294117647
chr6_122767000_122768000	chr6_122624000_122625000	0.070342	54	143000	2	0.0600069294117647
chr6_122686000_122687000	chr6_122624000_122625000	0.069169	55	62000	2	0.0600069294117647
chr6_122593000_122594000	chr6_122624000_122625000	0.069074	56	-31000	2	0.0600069294117647
chr6_122614000_122615000	chr6_122624000_122625000	0.067459	57	-10000	2	0.0600069294117647
chr6_122343000_122344000	chr6_122624000_122625000	0.067111	58	-281000	2	0.0600069294117647
chr6_122766000_122767000	chr6_122624000_122625000	0.066024	59	142000	2	0.0600069294117647
chr6_122727000_122728000	chr6_122624000_122625000	0.065008	60	103000	2	0.0600069294117647
chr6_122636000_122637000	chr6_122624000_122625000	0.064004	61	12000	2	0.0600069294117647
chr6_121636000_121637000	chr6_122624000_122625000	0.063859	62	-988000	2	0.0600069294117647
chr6_122393000_122394000	chr6_122624000_122625000	0.059307	63	-231000	2	0.0600069294117647
chr6_122368000_122369000	chr6_122624000_122625000	0.059083	64	-256000	2	0.0600069294117647
chr6_122486000_122487000	chr6_122624000_122625000	0.057905	65	-138000	2	0.0600069294117647
chr6_123332000_123333000	chr6_122624000_122625000	0.057143	68	708000	2	0.0600069294117647
chr6_122492000_122493000	chr6_122624000_122625000	0.057143	68	-132000	2	0.0600069294117647
chr6_122610000_122611000	chr6_122624000_122625000	0.057143	68	-14000	2	0.0600069294117647
chr6_122758000_122759000	chr6_122624000_122625000	0.057143	68	134000	2	0.0600069294117647
chr6_122553000_122554000	chr6_122624000_122625000	0.057143	68	-71000	2	0.0600069294117647
chr6_122346000_122347000	chr6_122624000_122625000	0.055179	71	-278000	2	0.0600069294117647
chr6_122627000_122628000	chr6_122624000_122625000	0.054435	72	3000	2	0.0600069294117647
chr6_122640000_122641000	chr6_122624000_122625000	0.054369	73	16000	2	0.0600069294117647
chr6_122347000_122348000	chr6_122624000_122625000	0.054306	74	-277000	2	0.0600069294117647
chr6_122485000_122486000	chr6_122624000_122625000	0.050435	75	-139000	2	0.0600069294117647
chr6_122298000_122299000	chr6_122624000_122625000	0.048695	76	-326000	2	0.0600069294117647
chr6_122323000_122324000	chr6_122624000_122625000	0.047636	77	-301000	2	0.0600069294117647
chr6_122760000_122761000	chr6_122624000_122625000	0.043305	78	136000	2	0.0600069294117647
chr6_122560000_122561000	chr6_122624000_122625000	0.043223	79	-64000	2	0.0600069294117647
chr6_122469000_122470000	chr6_122624000_122625000	0.04202	80	-155000	2	0.0600069294117647
chr6_122729000_122730000	chr6_122624000_122625000	0.041984	81	105000	2	0.0600069294117647
chr6_122337000_122338000	chr6_122624000_122625000	0.040493	82	-287000	2	0.0600069294117647
chr6_122322000_122323000	chr6_122624000_122625000	0.031909	83	-302000	2	0.0600069294117647
chr6_122487000_122488000	chr6_122624000_122625000	0.031747	84	-137000	2	0.0600069294117647
chr6_122334000_122335000	chr6_122624000_122625000	0.030814	85	-290000	2	0.0600069294117647
chr6_122882000_122883000	chr6_122624000_122625000	0.03019	86	258000	2	0.0600069294117647
chr6_122313000_122314000	chr6_122624000_122625000	0.030047	87	-311000	2	0.0600069294117647
chr6_122439000_122440000	chr6_122624000_122625000	0.029289	88	-185000	2	0.0600069294117647
chr6_122496000_122497000	chr6_122624000_122625000	0.028571	96	-128000	2	0.0600069294117647
chr6_122820000_122821000	chr6_122624000_122625000	0.028571	96	196000	2	0.0600069294117647
chr6_122562000_122563000	chr6_122624000_122625000	0.028571	96	-62000	2	0.0600069294117647
chr6_122689000_122690000	chr6_122624000_122625000	0.028571	96	65000	2	0.0600069294117647
chr6_122707000_122708000	chr6_122624000_122625000	0.028571	96	83000	2	0.0600069294117647
chr6_122772000_122773000	chr6_122624000_122625000	0.028571	96	148000	2	0.0600069294117647
chr6_122834000_122835000	chr6_122624000_122625000	0.028571	96	210000	2	0.0600069294117647
chr6_122703000_122704000	chr6_122624000_122625000	0.028571	96	79000	2	0.0600069294117647
chr6_122765000_122766000	chr6_122624000_122625000	0.028571	96	141000	2	0.0600069294117647
chr6_122771000_122772000	chr6_122624000_122625000	0.028571	96	147000	2	0.0600069294117647
chr6_122782000_122783000	chr6_122624000_122625000	0.028571	96	158000	2	0.0600069294117647
chr6_122801000_122802000	chr6_122624000_122625000	0.028571	96	177000	2	0.0600069294117647
chr6_122826000_122827000	chr6_122624000_122625000	0.028571	96	202000	2	0.0600069294117647
chr6_122875000_122876000	chr6_122624000_122625000	0.028571	96	251000	2	0.0600069294117647
chr6_122712000_122713000	chr6_122624000_122625000	0.028571	96	88000	2	0.0600069294117647
chr6_122321000_122322000	chr6_122624000_122625000	0.028563	104	-303000	2	0.0600069294117647
chr6_122706000_122707000	chr6_122624000_122625000	0.028027	105	82000	2	0.0600069294117647
chr6_122696000_122697000	chr6_122624000_122625000	0.025783	106	72000	2	0.0600069294117647
chr6_122662000_122663000	chr6_122624000_122625000	0.02421	107	38000	2	0.0600069294117647
chr6_122318000_122319000	chr6_122624000_122625000	0.020909	108	-306000	2	0.0600069294117647
chr6_122664000_122665000	chr6_122624000_122625000	0.019493	109	40000	2	0.0600069294117647
chr6_122694000_122695000	chr6_122624000_122625000	0.016103	110	70000	3	-0.0250016666666667
chr6_122770000_122771000	chr6_122624000_122625000	0.0151	111	146000	3	-0.0250016666666667
chr6_122366000_122367000	chr6_122624000_122625000	0.01321	112	-258000	3	-0.0250016666666667
chr6_122660000_122661000	chr6_122624000_122625000	0.013105	113	36000	3	-0.0250016666666667
chr6_122258000_122259000	chr6_122624000_122625000	0.0126	114	-366000	3	-0.0250016666666667
chr6_122329000_122330000	chr6_122624000_122625000	0.012136	115	-295000	3	-0.0250016666666667
chr6_122344000_122345000	chr6_122624000_122625000	0.012051	116	-280000	3	-0.0250016666666667
chr6_122571000_122572000	chr6_122624000_122625000	0.011728	117	-53000	3	-0.0250016666666667
chr6_122528000_122529000	chr6_122624000_122625000	0.007427	118	-96000	3	-0.0250016666666667
chr6_122773000_122774000	chr6_122624000_122625000	0.006901	119	149000	3	-0.0250016666666667
chr6_122336000_122337000	chr6_122624000_122625000	0.005406	120	-288000	3	-0.0250016666666667
chr6_122732000_122733000	chr6_122624000_122625000	0.004774	121	108000	3	-0.0250016666666667
chr6_122811000_122812000	chr6_122624000_122625000	0.002942	122	187000	3	-0.0250016666666667
chr6_122310000_122311000	chr6_122624000_122625000	0.002165	123	-314000	3	-0.0250016666666667
chr6_122744000_122745000	chr6_122624000_122625000	0.001133	124	120000	3	-0.0250016666666667
chr6_122702000_122703000	chr6_122624000_122625000	0.000692	125	78000	3	-0.0250016666666667
chr6_122340000_122341000	chr6_122624000_122625000	0.000408	126	-284000	3	-0.0250016666666667
chr6_122663000_122664000	chr6_122624000_122625000	0	137.5	39000	3	-0.0250016666666667
chr6_122737000_122738000	chr6_122624000_122625000	0	137.5	113000	3	-0.0250016666666667
chr6_122378000_122379000	chr6_122624000_122625000	0	137.5	-246000	3	-0.0250016666666667
chr6_122494000_122495000	chr6_122624000_122625000	0	137.5	-130000	3	-0.0250016666666667
chr6_122565000_122566000	chr6_122624000_122625000	0	137.5	-59000	3	-0.0250016666666667
chr6_122570000_122571000	chr6_122624000_122625000	0	137.5	-54000	3	-0.0250016666666667
chr6_122669000_122670000	chr6_122624000_122625000	0	137.5	45000	3	-0.0250016666666667
chr6_122690000_122691000	chr6_122624000_122625000	0	137.5	66000	3	-0.0250016666666667
chr6_122726000_122727000	chr6_122624000_122625000	0	137.5	102000	3	-0.0250016666666667
chr6_122740000_122741000	chr6_122624000_122625000	0	137.5	116000	3	-0.0250016666666667
chr6_122743000_122744000	chr6_122624000_122625000	0	137.5	119000	3	-0.0250016666666667
chr6_122745000_122746000	chr6_122624000_122625000	0	137.5	121000	3	-0.0250016666666667
chr6_122761000_122762000	chr6_122624000_122625000	0	137.5	137000	3	-0.0250016666666667
chr6_122810000_122811000	chr6_122624000_122625000	0	137.5	186000	3	-0.0250016666666667
chr6_122812000_122813000	chr6_122624000_122625000	0	137.5	188000	3	-0.0250016666666667
chr6_122833000_122834000	chr6_122624000_122625000	0	137.5	209000	3	-0.0250016666666667
chr6_122869000_122870000	chr6_122624000_122625000	0	137.5	245000	3	-0.0250016666666667
chr6_122874000_122875000	chr6_122624000_122625000	0	137.5	250000	3	-0.0250016666666667
chr6_123138000_123139000	chr6_122624000_122625000	0	137.5	514000	3	-0.0250016666666667
chr6_122742000_122743000	chr6_122624000_122625000	0	137.5	118000	3	-0.0250016666666667
chr6_122769000_122770000	chr6_122624000_122625000	0	137.5	145000	3	-0.0250016666666667
chr6_122856000_122857000	chr6_122624000_122625000	0	137.5	232000	3	-0.0250016666666667
chr6_122762000_122763000	chr6_122624000_122625000	-0.001223	149	138000	3	-0.0250016666666667
chr6_122821000_122822000	chr6_122624000_122625000	-0.005601	150	197000	3	-0.0250016666666667
chr6_122598000_122599000	chr6_122624000_122625000	-0.007969	151	-26000	3	-0.0250016666666667
chr6_122670000_122671000	chr6_122624000_122625000	-0.008265	152	46000	3	-0.0250016666666667
chr6_122666000_122667000	chr6_122624000_122625000	-0.014941	153	42000	3	-0.0250016666666667
chr6_122633000_122634000	chr6_122624000_122625000	-0.01604	154	9000	3	-0.0250016666666667
chr6_122345000_122346000	chr6_122624000_122625000	-0.017981	155	-279000	3	-0.0250016666666667
chr6_122659000_122660000	chr6_122624000_122625000	-0.01804	156	35000	3	-0.0250016666666667
chr6_122892000_122893000	chr6_122624000_122625000	-0.018633	157	268000	3	-0.0250016666666667
chr6_122297000_122298000	chr6_122624000_122625000	-0.01925	158	-327000	3	-0.0250016666666667
chr6_122513000_122514000	chr6_122624000_122625000	-0.020836	159	-111000	3	-0.0250016666666667
chr6_122259000_122260000	chr6_122624000_122625000	-0.021132	160	-365000	3	-0.0250016666666667
chr6_122355000_122356000	chr6_122624000_122625000	-0.023193	161	-269000	3	-0.0250016666666667
chr6_122653000_122654000	chr6_122624000_122625000	-0.024685	162	29000	3	-0.0250016666666667
chr6_122331000_122332000	chr6_122624000_122625000	-0.0253	163	-293000	3	-0.0250016666666667
chr6_122308000_122309000	chr6_122624000_122625000	-0.025599	164	-316000	3	-0.0250016666666667
chr6_122304000_122305000	chr6_122624000_122625000	-0.02812	165	-320000	3	-0.0250016666666667
chr6_122804000_122805000	chr6_122624000_122625000	-0.028191	166	180000	3	-0.0250016666666667
chr6_122546000_122547000	chr6_122624000_122625000	-0.028231	167	-78000	3	-0.0250016666666667
chr6_122709000_122710000	chr6_122624000_122625000	-0.028571	177	85000	3	-0.0250016666666667
chr6_122768000_122769000	chr6_122624000_122625000	-0.028571	177	144000	3	-0.0250016666666667
chr6_122763000_122764000	chr6_122624000_122625000	-0.028571	177	139000	3	-0.0250016666666667
chr6_122935000_122936000	chr6_122624000_122625000	-0.028571	177	311000	3	-0.0250016666666667
chr6_123004000_123005000	chr6_122624000_122625000	-0.028571	177	380000	3	-0.0250016666666667
chr6_122392000_122393000	chr6_122624000_122625000	-0.028571	177	-232000	3	-0.0250016666666667
chr6_122557000_122558000	chr6_122624000_122625000	-0.028571	177	-67000	3	-0.0250016666666667
chr6_122667000_122668000	chr6_122624000_122625000	-0.028571	177	43000	3	-0.0250016666666667
chr6_122759000_122760000	chr6_122624000_122625000	-0.028571	177	135000	3	-0.0250016666666667
chr6_122764000_122765000	chr6_122624000_122625000	-0.028571	177	140000	3	-0.0250016666666667
chr6_122795000_122796000	chr6_122624000_122625000	-0.028571	177	171000	3	-0.0250016666666667
chr6_122825000_122826000	chr6_122624000_122625000	-0.028571	177	201000	3	-0.0250016666666667
chr6_122632000_122633000	chr6_122624000_122625000	-0.028571	177	8000	3	-0.0250016666666667
chr6_122719000_122720000	chr6_122624000_122625000	-0.028571	177	95000	3	-0.0250016666666667
chr6_122786000_122787000	chr6_122624000_122625000	-0.028571	177	162000	3	-0.0250016666666667
chr6_122870000_122871000	chr6_122624000_122625000	-0.028571	177	246000	3	-0.0250016666666667
chr6_122545000_122546000	chr6_122624000_122625000	-0.028571	177	-79000	3	-0.0250016666666667
chr6_122883000_122884000	chr6_122624000_122625000	-0.028571	177	259000	3	-0.0250016666666667
chr6_122495000_122496000	chr6_122624000_122625000	-0.028571	177	-129000	3	-0.0250016666666667
chr6_122325000_122326000	chr6_122624000_122625000	-0.02991	187	-299000	3	-0.0250016666666667
chr6_122635000_122636000	chr6_122624000_122625000	-0.038537	188	11000	3	-0.0250016666666667
chr6_122602000_122603000	chr6_122624000_122625000	-0.040322	189	-22000	3	-0.0250016666666667
chr6_122708000_122709000	chr6_122624000_122625000	-0.040813	190	84000	3	-0.0250016666666667
chr6_122600000_122601000	chr6_122624000_122625000	-0.042094	191	-24000	3	-0.0250016666666667
chr6_122735000_122736000	chr6_122624000_122625000	-0.048295	192	111000	3	-0.0250016666666667
chr6_122312000_122313000	chr6_122624000_122625000	-0.050241	193	-312000	3	-0.0250016666666667
chr6_122319000_122320000	chr6_122624000_122625000	-0.050955	194	-305000	3	-0.0250016666666667
chr6_122618000_122619000	chr6_122624000_122625000	-0.057143	198.5	-6000	3	-0.0250016666666667
chr6_122720000_122721000	chr6_122624000_122625000	-0.057143	198.5	96000	3	-0.0250016666666667
chr6_122731000_122732000	chr6_122624000_122625000	-0.057143	198.5	107000	3	-0.0250016666666667
chr6_122739000_122740000	chr6_122624000_122625000	-0.057143	198.5	115000	3	-0.0250016666666667
chr6_122784000_122785000	chr6_122624000_122625000	-0.057143	198.5	160000	3	-0.0250016666666667
chr6_122824000_122825000	chr6_122624000_122625000	-0.057143	198.5	200000	3	-0.0250016666666667
chr6_122819000_122820000	chr6_122624000_122625000	-0.057143	198.5	195000	3	-0.0250016666666667
chr6_122595000_122596000	chr6_122624000_122625000	-0.057143	198.5	-29000	3	-0.0250016666666667
chr6_122741000_122742000	chr6_122624000_122625000	-0.061709	203	117000	3	-0.0250016666666667
chr6_122628000_122629000	chr6_122624000_122625000	-0.063658	204	4000	3	-0.0250016666666667
chr6_122532000_122533000	chr6_122624000_122625000	-0.064788	205	-92000	3	-0.0250016666666667
chr6_122606000_122607000	chr6_122624000_122625000	-0.066807	206	-18000	3	-0.0250016666666667
chr6_122554000_122555000	chr6_122624000_122625000	-0.068057	207	-70000	3	-0.0250016666666667
chr6_122531000_122532000	chr6_122624000_122625000	-0.069486	208	-93000	3	-0.0250016666666667
chr6_122505000_122506000	chr6_122624000_122625000	-0.07094	209	-119000	3	-0.0250016666666667
chr6_122332000_122333000	chr6_122624000_122625000	-0.071555	210	-292000	3	-0.0250016666666667
chr6_122369000_122370000	chr6_122624000_122625000	-0.085714	211	-255000	3	-0.0250016666666667
chr6_122309000_122310000	chr6_122624000_122625000	-0.114286	212	-315000	3	-0.0250016666666667
chr6_122402000_122403000	chr6_122624000_122625000	-0.16351	213	-222000	3	-0.0250016666666667
chr6_122333000_122334000	chr6_122624000_122625000	-0.168156	214	-291000	3	-0.0250016666666667
