interact_region	promoter_region	pred	RF_rank	distance	kmeans	clustmean
chr6_122709000_122710000	chr6_122708000_122709000	0.631175	1	1000	1	0.45782175
chr6_122706000_122707000	chr6_122708000_122709000	0.533672	2	-2000	1	0.45782175
chr6_122365000_122366000	chr6_122708000_122709000	0.340019	3	-343000	1	0.45782175
chr6_122667000_122668000	chr6_122708000_122709000	0.326421	4	-41000	1	0.45782175
chr6_122323000_122324000	chr6_122708000_122709000	0.240116	5	-385000	2	0.0966501388888889
chr6_122660000_122661000	chr6_122708000_122709000	0.222858	6	-48000	2	0.0966501388888889
chr6_122486000_122487000	chr6_122708000_122709000	0.194705	7	-222000	2	0.0966501388888889
chr6_122334000_122335000	chr6_122708000_122709000	0.191779	8	-374000	2	0.0966501388888889
chr6_123332000_123333000	chr6_122708000_122709000	0.188249	9	624000	2	0.0966501388888889
chr6_122726000_122727000	chr6_122708000_122709000	0.182817	10	18000	2	0.0966501388888889
chr6_122731000_122732000	chr6_122708000_122709000	0.155323	11	23000	2	0.0966501388888889
chr6_122694000_122695000	chr6_122708000_122709000	0.153614	12	-14000	2	0.0966501388888889
chr6_122626000_122627000	chr6_122708000_122709000	0.15274	13	-82000	2	0.0966501388888889
chr6_122772000_122773000	chr6_122708000_122709000	0.152644	14	64000	2	0.0966501388888889
chr6_122762000_122763000	chr6_122708000_122709000	0.150108	15	54000	2	0.0966501388888889
chr6_122715000_122716000	chr6_122708000_122709000	0.14773	16	7000	2	0.0966501388888889
chr6_122666000_122667000	chr6_122708000_122709000	0.143455	17	-42000	2	0.0966501388888889
chr6_122732000_122733000	chr6_122708000_122709000	0.141471	18	24000	2	0.0966501388888889
chr6_122367000_122368000	chr6_122708000_122709000	0.140977	19	-341000	2	0.0966501388888889
chr6_122342000_122343000	chr6_122708000_122709000	0.131975	20	-366000	2	0.0966501388888889
chr6_122591000_122592000	chr6_122708000_122709000	0.129385	21	-117000	2	0.0966501388888889
chr6_122825000_122826000	chr6_122708000_122709000	0.125912	22	117000	2	0.0966501388888889
chr6_122319000_122320000	chr6_122708000_122709000	0.122422	23	-389000	2	0.0966501388888889
chr6_122315000_122316000	chr6_122708000_122709000	0.12184	24	-393000	2	0.0966501388888889
chr6_122610000_122611000	chr6_122708000_122709000	0.114286	25	-98000	2	0.0966501388888889
chr6_122729000_122730000	chr6_122708000_122709000	0.11252	26	21000	2	0.0966501388888889
chr6_122760000_122761000	chr6_122708000_122709000	0.112232	27	52000	2	0.0966501388888889
chr6_122767000_122768000	chr6_122708000_122709000	0.107785	28	59000	2	0.0966501388888889
chr6_122608000_122609000	chr6_122708000_122709000	0.105829	29	-100000	2	0.0966501388888889
chr6_122314000_122315000	chr6_122708000_122709000	0.102639	30	-394000	2	0.0966501388888889
chr6_122764000_122765000	chr6_122708000_122709000	0.100021	31	56000	2	0.0966501388888889
chr6_122336000_122337000	chr6_122708000_122709000	0.098497	32	-372000	2	0.0966501388888889
chr6_122332000_122333000	chr6_122708000_122709000	0.093756	33	-376000	2	0.0966501388888889
chr6_122561000_122562000	chr6_122708000_122709000	0.09026	34	-147000	2	0.0966501388888889
chr6_122485000_122486000	chr6_122708000_122709000	0.088289	35	-223000	2	0.0966501388888889
chr6_122707000_122708000	chr6_122708000_122709000	0.08716	36	-1000	2	0.0966501388888889
chr6_122356000_122357000	chr6_122708000_122709000	0.085784	37	-352000	2	0.0966501388888889
chr6_122892000_122893000	chr6_122708000_122709000	0.085714	38.5	184000	2	0.0966501388888889
chr6_122784000_122785000	chr6_122708000_122709000	0.085714	38.5	76000	2	0.0966501388888889
chr6_122828000_122829000	chr6_122708000_122709000	0.084783	40	120000	2	0.0966501388888889
chr6_122313000_122314000	chr6_122708000_122709000	0.082696	41	-395000	2	0.0966501388888889
chr6_122712000_122713000	chr6_122708000_122709000	0.078857	42	4000	2	0.0966501388888889
chr6_122345000_122346000	chr6_122708000_122709000	0.078194	43	-363000	2	0.0966501388888889
chr6_122780000_122781000	chr6_122708000_122709000	0.074487	44	72000	2	0.0966501388888889
chr6_123004000_123005000	chr6_122708000_122709000	0.07411	45	296000	2	0.0966501388888889
chr6_122344000_122345000	chr6_122708000_122709000	0.073245	46	-364000	2	0.0966501388888889
chr6_122126000_122127000	chr6_122708000_122709000	0.07167	47	-582000	2	0.0966501388888889
chr6_122869000_122870000	chr6_122708000_122709000	0.070179	48	161000	2	0.0966501388888889
chr6_122571000_122572000	chr6_122708000_122709000	0.069395	49	-137000	2	0.0966501388888889
chr6_122812000_122813000	chr6_122708000_122709000	0.068488	50	104000	2	0.0966501388888889
chr6_122625000_122626000	chr6_122708000_122709000	0.067205	51	-83000	2	0.0966501388888889
chr6_122258000_122259000	chr6_122708000_122709000	0.065428	52	-450000	2	0.0966501388888889
chr6_122728000_122729000	chr6_122708000_122709000	0.065267	53	20000	2	0.0966501388888889
chr6_122545000_122546000	chr6_122708000_122709000	0.065084	54	-163000	2	0.0966501388888889
chr6_122369000_122370000	chr6_122708000_122709000	0.062284	55	-339000	2	0.0966501388888889
chr6_122316000_122317000	chr6_122708000_122709000	0.060224	56	-392000	2	0.0966501388888889
chr6_122740000_122741000	chr6_122708000_122709000	0.058687	57	32000	2	0.0966501388888889
chr6_122698000_122699000	chr6_122708000_122709000	0.058643	58	-10000	2	0.0966501388888889
chr6_122343000_122344000	chr6_122708000_122709000	0.058428	59	-365000	2	0.0966501388888889
chr6_122463000_122464000	chr6_122708000_122709000	0.058118	60	-245000	2	0.0966501388888889
chr6_122766000_122767000	chr6_122708000_122709000	0.057545	61	58000	2	0.0966501388888889
chr6_122653000_122654000	chr6_122708000_122709000	0.05747	62	-55000	2	0.0966501388888889
chr6_122337000_122338000	chr6_122708000_122709000	0.057423	63	-371000	2	0.0966501388888889
chr6_122391000_122392000	chr6_122708000_122709000	0.057143	66.5	-317000	2	0.0966501388888889
chr6_122492000_122493000	chr6_122708000_122709000	0.057143	66.5	-216000	2	0.0966501388888889
chr6_123137000_123138000	chr6_122708000_122709000	0.057143	66.5	429000	2	0.0966501388888889
chr6_122661000_122662000	chr6_122708000_122709000	0.057143	66.5	-47000	2	0.0966501388888889
chr6_122811000_122812000	chr6_122708000_122709000	0.057143	66.5	103000	2	0.0966501388888889
chr6_122786000_122787000	chr6_122708000_122709000	0.057143	66.5	78000	2	0.0966501388888889
chr6_122607000_122608000	chr6_122708000_122709000	0.056843	70	-101000	2	0.0966501388888889
chr6_122368000_122369000	chr6_122708000_122709000	0.049605	71	-340000	2	0.0966501388888889
chr6_122664000_122665000	chr6_122708000_122709000	0.047112	72	-44000	2	0.0966501388888889
chr6_122295000_122296000	chr6_122708000_122709000	0.046967	73	-413000	2	0.0966501388888889
chr6_122310000_122311000	chr6_122708000_122709000	0.046551	74	-398000	2	0.0966501388888889
chr6_122833000_122834000	chr6_122708000_122709000	0.045631	75	125000	2	0.0966501388888889
chr6_122761000_122762000	chr6_122708000_122709000	0.044727	76	53000	2	0.0966501388888889
chr6_122734000_122735000	chr6_122708000_122709000	0.038374	77	26000	3	-0.0103813873239437
chr6_122297000_122298000	chr6_122708000_122709000	0.038331	78	-411000	3	-0.0103813873239437
chr6_122325000_122326000	chr6_122708000_122709000	0.037156	79	-383000	3	-0.0103813873239437
chr6_122309000_122310000	chr6_122708000_122709000	0.033617	80	-399000	3	-0.0103813873239437
chr6_122659000_122660000	chr6_122708000_122709000	0.033067	81	-49000	3	-0.0103813873239437
chr6_122882000_122883000	chr6_122708000_122709000	0.031307	82	174000	3	-0.0103813873239437
chr6_122739000_122740000	chr6_122708000_122709000	0.031286	83	31000	3	-0.0103813873239437
chr6_122624000_122625000	chr6_122708000_122709000	0.029475	84	-84000	3	-0.0103813873239437
chr6_122821000_122822000	chr6_122708000_122709000	0.029142	85	113000	3	-0.0103813873239437
chr6_122802000_122803000	chr6_122708000_122709000	0.028571	91	94000	3	-0.0103813873239437
chr6_122730000_122731000	chr6_122708000_122709000	0.028571	91	22000	3	-0.0103813873239437
chr6_122614000_122615000	chr6_122708000_122709000	0.028571	91	-94000	3	-0.0103813873239437
chr6_122804000_122805000	chr6_122708000_122709000	0.028571	91	96000	3	-0.0103813873239437
chr6_122819000_122820000	chr6_122708000_122709000	0.028571	91	111000	3	-0.0103813873239437
chr6_122640000_122641000	chr6_122708000_122709000	0.028571	91	-68000	3	-0.0103813873239437
chr6_122662000_122663000	chr6_122708000_122709000	0.028571	91	-46000	3	-0.0103813873239437
chr6_122759000_122760000	chr6_122708000_122709000	0.028571	91	51000	3	-0.0103813873239437
chr6_122801000_122802000	chr6_122708000_122709000	0.028571	91	93000	3	-0.0103813873239437
chr6_122618000_122619000	chr6_122708000_122709000	0.028571	91	-90000	3	-0.0103813873239437
chr6_122773000_122774000	chr6_122708000_122709000	0.028571	91	65000	3	-0.0103813873239437
chr6_122312000_122313000	chr6_122708000_122709000	0.026244	97	-396000	3	-0.0103813873239437
chr6_122304000_122305000	chr6_122708000_122709000	0.025714	98	-404000	3	-0.0103813873239437
chr6_122744000_122745000	chr6_122708000_122709000	0.025324	99	36000	3	-0.0103813873239437
chr6_122785000_122786000	chr6_122708000_122709000	0.023623	100	77000	3	-0.0103813873239437
chr6_122528000_122529000	chr6_122708000_122709000	0.023137	101	-180000	3	-0.0103813873239437
chr6_122320000_122321000	chr6_122708000_122709000	0.022624	102	-388000	3	-0.0103813873239437
chr6_122505000_122506000	chr6_122708000_122709000	0.022361	103	-203000	3	-0.0103813873239437
chr6_122598000_122599000	chr6_122708000_122709000	0.021275	104	-110000	3	-0.0103813873239437
chr6_122329000_122330000	chr6_122708000_122709000	0.020687	105	-379000	3	-0.0103813873239437
chr6_122328000_122329000	chr6_122708000_122709000	0.020422	106	-380000	3	-0.0103813873239437
chr6_122340000_122341000	chr6_122708000_122709000	0.017459	107	-368000	3	-0.0103813873239437
chr6_123005000_123006000	chr6_122708000_122709000	0.017132	108	297000	3	-0.0103813873239437
chr6_122553000_122554000	chr6_122708000_122709000	0.016457	109	-155000	3	-0.0103813873239437
chr6_122562000_122563000	chr6_122708000_122709000	0.010457	110	-146000	3	-0.0103813873239437
chr6_122745000_122746000	chr6_122708000_122709000	0.009702	111	37000	3	-0.0103813873239437
chr6_122305000_122306000	chr6_122708000_122709000	0.009258	112	-403000	3	-0.0103813873239437
chr6_122321000_122322000	chr6_122708000_122709000	0.006133	113	-387000	3	-0.0103813873239437
chr6_122782000_122783000	chr6_122708000_122709000	0.004716	114	74000	3	-0.0103813873239437
chr6_123646000_123647000	chr6_122708000_122709000	0.004007	115	938000	3	-0.0103813873239437
chr6_122487000_122488000	chr6_122708000_122709000	0.003973	116	-221000	3	-0.0103813873239437
chr6_122560000_122561000	chr6_122708000_122709000	0.002273	117	-148000	3	-0.0103813873239437
chr6_122494000_122495000	chr6_122708000_122709000	0.001903	118	-214000	3	-0.0103813873239437
chr6_122513000_122514000	chr6_122708000_122709000	0.001643	119	-195000	3	-0.0103813873239437
chr6_122636000_122637000	chr6_122708000_122709000	0.001065	120	-72000	3	-0.0103813873239437
chr6_122600000_122601000	chr6_122708000_122709000	0.001017	121	-108000	3	-0.0103813873239437
chr6_122495000_122496000	chr6_122708000_122709000	0.000515	122	-213000	3	-0.0103813873239437
chr6_122318000_122319000	chr6_122708000_122709000	0	137	-390000	3	-0.0103813873239437
chr6_122532000_122533000	chr6_122708000_122709000	0	137	-176000	3	-0.0103813873239437
chr6_122546000_122547000	chr6_122708000_122709000	0	137	-162000	3	-0.0103813873239437
chr6_122565000_122566000	chr6_122708000_122709000	0	137	-143000	3	-0.0103813873239437
chr6_122570000_122571000	chr6_122708000_122709000	0	137	-138000	3	-0.0103813873239437
chr6_122628000_122629000	chr6_122708000_122709000	0	137	-80000	3	-0.0103813873239437
chr6_122632000_122633000	chr6_122708000_122709000	0	137	-76000	3	-0.0103813873239437
chr6_122635000_122636000	chr6_122708000_122709000	0	137	-73000	3	-0.0103813873239437
chr6_122663000_122664000	chr6_122708000_122709000	0	137	-45000	3	-0.0103813873239437
chr6_122669000_122670000	chr6_122708000_122709000	0	137	-39000	3	-0.0103813873239437
chr6_122689000_122690000	chr6_122708000_122709000	0	137	-19000	3	-0.0103813873239437
chr6_122690000_122691000	chr6_122708000_122709000	0	137	-18000	3	-0.0103813873239437
chr6_122713000_122714000	chr6_122708000_122709000	0	137	5000	3	-0.0103813873239437
chr6_122716000_122717000	chr6_122708000_122709000	0	137	8000	3	-0.0103813873239437
chr6_122720000_122721000	chr6_122708000_122709000	0	137	12000	3	-0.0103813873239437
chr6_122741000_122742000	chr6_122708000_122709000	0	137	33000	3	-0.0103813873239437
chr6_122743000_122744000	chr6_122708000_122709000	0	137	35000	3	-0.0103813873239437
chr6_122769000_122770000	chr6_122708000_122709000	0	137	61000	3	-0.0103813873239437
chr6_122770000_122771000	chr6_122708000_122709000	0	137	62000	3	-0.0103813873239437
chr6_122771000_122772000	chr6_122708000_122709000	0	137	63000	3	-0.0103813873239437
chr6_122795000_122796000	chr6_122708000_122709000	0	137	87000	3	-0.0103813873239437
chr6_122820000_122821000	chr6_122708000_122709000	0	137	112000	3	-0.0103813873239437
chr6_122834000_122835000	chr6_122708000_122709000	0	137	126000	3	-0.0103813873239437
chr6_122856000_122857000	chr6_122708000_122709000	0	137	148000	3	-0.0103813873239437
chr6_122875000_122876000	chr6_122708000_122709000	0	137	167000	3	-0.0103813873239437
chr6_122989000_122990000	chr6_122708000_122709000	0	137	281000	3	-0.0103813873239437
chr6_123327000_123328000	chr6_122708000_122709000	0	137	619000	3	-0.0103813873239437
chr6_123647000_123648000	chr6_122708000_122709000	0	137	939000	3	-0.0103813873239437
chr6_123697000_123698000	chr6_122708000_122709000	0	137	989000	3	-0.0103813873239437
chr6_122317000_122318000	chr6_122708000_122709000	-0.000013	152	-391000	3	-0.0103813873239437
chr6_122338000_122339000	chr6_122708000_122709000	-0.000964	153	-370000	3	-0.0103813873239437
chr6_122768000_122769000	chr6_122708000_122709000	-0.00125	154	60000	3	-0.0103813873239437
chr6_123340000_123341000	chr6_122708000_122709000	-0.00331	155	632000	3	-0.0103813873239437
chr6_122496000_122497000	chr6_122708000_122709000	-0.004174	156	-212000	3	-0.0103813873239437
chr6_122935000_122936000	chr6_122708000_122709000	-0.005015	157	227000	3	-0.0103813873239437
chr6_122308000_122309000	chr6_122708000_122709000	-0.008631	158	-400000	3	-0.0103813873239437
chr6_122378000_122379000	chr6_122708000_122709000	-0.009426	159	-330000	3	-0.0103813873239437
chr6_122439000_122440000	chr6_122708000_122709000	-0.011781	160	-269000	3	-0.0103813873239437
chr6_122719000_122720000	chr6_122708000_122709000	-0.011893	161	11000	3	-0.0103813873239437
chr6_122810000_122811000	chr6_122708000_122709000	-0.013973	162	102000	3	-0.0103813873239437
chr6_122870000_122871000	chr6_122708000_122709000	-0.014193	163	162000	3	-0.0103813873239437
chr6_122533000_122534000	chr6_122708000_122709000	-0.016819	164	-175000	3	-0.0103813873239437
chr6_122339000_122340000	chr6_122708000_122709000	-0.017109	165	-369000	3	-0.0103813873239437
chr6_122737000_122738000	chr6_122708000_122709000	-0.018863	166	29000	3	-0.0103813873239437
chr6_122633000_122634000	chr6_122708000_122709000	-0.023914	167	-75000	3	-0.0103813873239437
chr6_122346000_122347000	chr6_122708000_122709000	-0.024092	168	-362000	3	-0.0103813873239437
chr6_122883000_122884000	chr6_122708000_122709000	-0.028549	169	175000	3	-0.0103813873239437
chr6_122765000_122766000	chr6_122708000_122709000	-0.028571	180	57000	3	-0.0103813873239437
chr6_122392000_122393000	chr6_122708000_122709000	-0.028571	180	-316000	3	-0.0103813873239437
chr6_122469000_122470000	chr6_122708000_122709000	-0.028571	180	-239000	3	-0.0103813873239437
chr6_122617000_122618000	chr6_122708000_122709000	-0.028571	180	-91000	3	-0.0103813873239437
chr6_122670000_122671000	chr6_122708000_122709000	-0.028571	180	-38000	3	-0.0103813873239437
chr6_122686000_122687000	chr6_122708000_122709000	-0.028571	180	-22000	3	-0.0103813873239437
chr6_122703000_122704000	chr6_122708000_122709000	-0.028571	180	-5000	3	-0.0103813873239437
chr6_122742000_122743000	chr6_122708000_122709000	-0.028571	180	34000	3	-0.0103813873239437
chr6_122758000_122759000	chr6_122708000_122709000	-0.028571	180	50000	3	-0.0103813873239437
chr6_122824000_122825000	chr6_122708000_122709000	-0.028571	180	116000	3	-0.0103813873239437
chr6_122874000_122875000	chr6_122708000_122709000	-0.028571	180	166000	3	-0.0103813873239437
chr6_123328000_123329000	chr6_122708000_122709000	-0.028571	180	620000	3	-0.0103813873239437
chr6_122347000_122348000	chr6_122708000_122709000	-0.028571	180	-361000	3	-0.0103813873239437
chr6_122393000_122394000	chr6_122708000_122709000	-0.028571	180	-315000	3	-0.0103813873239437
chr6_122521000_122522000	chr6_122708000_122709000	-0.028571	180	-187000	3	-0.0103813873239437
chr6_122627000_122628000	chr6_122708000_122709000	-0.028571	180	-81000	3	-0.0103813873239437
chr6_122699000_122700000	chr6_122708000_122709000	-0.028571	180	-9000	3	-0.0103813873239437
chr6_122366000_122367000	chr6_122708000_122709000	-0.028571	180	-342000	3	-0.0103813873239437
chr6_123138000_123139000	chr6_122708000_122709000	-0.028571	180	430000	3	-0.0103813873239437
chr6_123657000_123658000	chr6_122708000_122709000	-0.028571	180	949000	3	-0.0103813873239437
chr6_122335000_122336000	chr6_122708000_122709000	-0.028571	180	-373000	3	-0.0103813873239437
chr6_122341000_122342000	chr6_122708000_122709000	-0.031994	191	-367000	3	-0.0103813873239437
chr6_122606000_122607000	chr6_122708000_122709000	-0.033112	192	-102000	3	-0.0103813873239437
chr6_122826000_122827000	chr6_122708000_122709000	-0.033506	193	118000	3	-0.0103813873239437
chr6_122491000_122492000	chr6_122708000_122709000	-0.035148	194	-217000	3	-0.0103813873239437
chr6_122523000_122524000	chr6_122708000_122709000	-0.039481	195	-185000	3	-0.0103813873239437
chr6_122322000_122323000	chr6_122708000_122709000	-0.041316	196	-386000	3	-0.0103813873239437
chr6_122259000_122260000	chr6_122708000_122709000	-0.041745	197	-449000	3	-0.0103813873239437
chr6_122602000_122603000	chr6_122708000_122709000	-0.045718	198	-106000	3	-0.0103813873239437
chr6_122331000_122332000	chr6_122708000_122709000	-0.045955	199	-377000	3	-0.0103813873239437
chr6_122298000_122299000	chr6_122708000_122709000	-0.046668	200	-410000	3	-0.0103813873239437
chr6_122333000_122334000	chr6_122708000_122709000	-0.04732	201	-375000	3	-0.0103813873239437
chr6_122609000_122610000	chr6_122708000_122709000	-0.048388	202	-99000	3	-0.0103813873239437
chr6_123696000_123697000	chr6_122708000_122709000	-0.048518	203	988000	3	-0.0103813873239437
chr6_122763000_122764000	chr6_122708000_122709000	-0.051642	204	55000	3	-0.0103813873239437
chr6_122554000_122555000	chr6_122708000_122709000	-0.052305	205	-154000	3	-0.0103813873239437
chr6_122557000_122558000	chr6_122708000_122709000	-0.057143	207	-151000	3	-0.0103813873239437
chr6_122595000_122596000	chr6_122708000_122709000	-0.057143	207	-113000	3	-0.0103813873239437
chr6_122735000_122736000	chr6_122708000_122709000	-0.057143	207	27000	3	-0.0103813873239437
chr6_122471000_122472000	chr6_122708000_122709000	-0.062942	209	-237000	3	-0.0103813873239437
chr6_122531000_122532000	chr6_122708000_122709000	-0.063176	210	-177000	3	-0.0103813873239437
chr6_122593000_122594000	chr6_122708000_122709000	-0.065488	211	-115000	3	-0.0103813873239437
chr6_122696000_122697000	chr6_122708000_122709000	-0.067539	212	-12000	3	-0.0103813873239437
chr6_122355000_122356000	chr6_122708000_122709000	-0.080412	213	-353000	3	-0.0103813873239437
chr6_122727000_122728000	chr6_122708000_122709000	-0.084963	214	19000	3	-0.0103813873239437
chr6_122605000_122606000	chr6_122708000_122709000	-0.085714	215	-103000	3	-0.0103813873239437
chr6_122702000_122703000	chr6_122708000_122709000	-0.094127	216	-6000	3	-0.0103813873239437
chr6_122402000_122403000	chr6_122708000_122709000	-0.097244	217	-306000	3	-0.0103813873239437
chr6_122522000_122523000	chr6_122708000_122709000	-0.099504	218	-186000	3	-0.0103813873239437
