interact_region	promoter_region	pred	RF_rank	distance	kmeans	clustmean
chr6_122310000_122311000	chr6_122875000_122876000	0.383378	1	-565000	1	0.198056647058824
chr6_122635000_122636000	chr6_122875000_122876000	0.371748	2	-240000	1	0.198056647058824
chr6_122554000_122555000	chr6_122875000_122876000	0.274543	3	-321000	1	0.198056647058824
chr6_122309000_122310000	chr6_122875000_122876000	0.254886	4	-566000	1	0.198056647058824
chr6_122602000_122603000	chr6_122875000_122876000	0.210476	5	-273000	1	0.198056647058824
chr6_122795000_122796000	chr6_122875000_122876000	0.185698	6	-80000	1	0.198056647058824
chr6_122546000_122547000	chr6_122875000_122876000	0.178967	7	-329000	1	0.198056647058824
chr6_122304000_122305000	chr6_122875000_122876000	0.169713	8	-571000	1	0.198056647058824
chr6_122856000_122857000	chr6_122875000_122876000	0.169422	9	-19000	1	0.198056647058824
chr6_122258000_122259000	chr6_122875000_122876000	0.162787	10	-617000	1	0.198056647058824
chr6_122297000_122298000	chr6_122875000_122876000	0.15929	11	-578000	1	0.198056647058824
chr6_122819000_122820000	chr6_122875000_122876000	0.15505	12	-56000	1	0.198056647058824
chr6_122874000_122875000	chr6_122875000_122876000	0.148047	13	-1000	1	0.198056647058824
chr6_122495000_122496000	chr6_122875000_122876000	0.144302	14	-380000	1	0.198056647058824
chr6_122570000_122571000	chr6_122875000_122876000	0.135141	15	-305000	1	0.198056647058824
chr6_122624000_122625000	chr6_122875000_122876000	0.134247	16	-251000	1	0.198056647058824
chr6_122824000_122825000	chr6_122875000_122876000	0.129268	17	-51000	1	0.198056647058824
chr6_122345000_122346000	chr6_122875000_122876000	0.125545	18	-530000	2	0.0571269204545455
chr6_122593000_122594000	chr6_122875000_122876000	0.121968	19	-282000	2	0.0571269204545455
chr6_122339000_122340000	chr6_122875000_122876000	0.121807	20	-536000	2	0.0571269204545455
chr6_122609000_122610000	chr6_122875000_122876000	0.121149	21	-266000	2	0.0571269204545455
chr6_122804000_122805000	chr6_122875000_122876000	0.11675	22	-71000	2	0.0571269204545455
chr6_122565000_122566000	chr6_122875000_122876000	0.11448	23	-310000	2	0.0571269204545455
chr6_122760000_122761000	chr6_122875000_122876000	0.112452	24	-115000	2	0.0571269204545455
chr6_123657000_123658000	chr6_122875000_122876000	0.109569	25	782000	2	0.0571269204545455
chr6_122532000_122533000	chr6_122875000_122876000	0.107361	26	-343000	2	0.0571269204545455
chr6_122571000_122572000	chr6_122875000_122876000	0.105765	27	-304000	2	0.0571269204545455
chr6_122259000_122260000	chr6_122875000_122876000	0.103355	28	-616000	2	0.0571269204545455
chr6_122321000_122322000	chr6_122875000_122876000	0.10268	29	-554000	2	0.0571269204545455
chr6_122696000_122697000	chr6_122875000_122876000	0.102088	30	-179000	2	0.0571269204545455
chr6_122870000_122871000	chr6_122875000_122876000	0.095887	31	-5000	2	0.0571269204545455
chr6_122312000_122313000	chr6_122875000_122876000	0.094682	32	-563000	2	0.0571269204545455
chr6_122782000_122783000	chr6_122875000_122876000	0.091535	33	-93000	2	0.0571269204545455
chr6_122491000_122492000	chr6_122875000_122876000	0.089419	34	-384000	2	0.0571269204545455
chr6_122825000_122826000	chr6_122875000_122876000	0.088702	35	-50000	2	0.0571269204545455
chr6_122560000_122561000	chr6_122875000_122876000	0.087017	36	-315000	2	0.0571269204545455
chr6_122820000_122821000	chr6_122875000_122876000	0.085714	37	-55000	2	0.0571269204545455
chr6_122323000_122324000	chr6_122875000_122876000	0.084974	38	-552000	2	0.0571269204545455
chr6_122521000_122522000	chr6_122875000_122876000	0.08446	39	-354000	2	0.0571269204545455
chr6_122496000_122497000	chr6_122875000_122876000	0.082313	40	-379000	2	0.0571269204545455
chr6_122618000_122619000	chr6_122875000_122876000	0.070945	41	-257000	2	0.0571269204545455
chr6_122812000_122813000	chr6_122875000_122876000	0.070147	42	-63000	2	0.0571269204545455
chr6_122486000_122487000	chr6_122875000_122876000	0.067774	43	-389000	2	0.0571269204545455
chr6_122513000_122514000	chr6_122875000_122876000	0.066061	44	-362000	2	0.0571269204545455
chr6_123647000_123648000	chr6_122875000_122876000	0.065384	45	772000	2	0.0571269204545455
chr6_122545000_122546000	chr6_122875000_122876000	0.063848	46	-330000	2	0.0571269204545455
chr6_122557000_122558000	chr6_122875000_122876000	0.063603	47	-318000	2	0.0571269204545455
chr6_122338000_122339000	chr6_122875000_122876000	0.058997	48	-537000	2	0.0571269204545455
chr6_122670000_122671000	chr6_122875000_122876000	0.057143	53	-205000	2	0.0571269204545455
chr6_122698000_122699000	chr6_122875000_122876000	0.057143	53	-177000	2	0.0571269204545455
chr6_122471000_122472000	chr6_122875000_122876000	0.057143	53	-404000	2	0.0571269204545455
chr6_122627000_122628000	chr6_122875000_122876000	0.057143	53	-248000	2	0.0571269204545455
chr6_122737000_122738000	chr6_122875000_122876000	0.057143	53	-138000	2	0.0571269204545455
chr6_122739000_122740000	chr6_122875000_122876000	0.057143	53	-136000	2	0.0571269204545455
chr6_122801000_122802000	chr6_122875000_122876000	0.057143	53	-74000	2	0.0571269204545455
chr6_122882000_122883000	chr6_122875000_122876000	0.057143	53	7000	2	0.0571269204545455
chr6_122892000_122893000	chr6_122875000_122876000	0.057143	53	17000	2	0.0571269204545455
chr6_122708000_122709000	chr6_122875000_122876000	0.05641	58	-167000	2	0.0571269204545455
chr6_122355000_122356000	chr6_122875000_122876000	0.055917	59	-520000	2	0.0571269204545455
chr6_122561000_122562000	chr6_122875000_122876000	0.05476	60	-314000	2	0.0571269204545455
chr6_122826000_122827000	chr6_122875000_122876000	0.054048	61	-49000	2	0.0571269204545455
chr6_122402000_122403000	chr6_122875000_122876000	0.053943	62	-473000	2	0.0571269204545455
chr6_122332000_122333000	chr6_122875000_122876000	0.052724	63	-543000	2	0.0571269204545455
chr6_122320000_122321000	chr6_122875000_122876000	0.05168	64	-555000	2	0.0571269204545455
chr6_122325000_122326000	chr6_122875000_122876000	0.050835	65	-550000	2	0.0571269204545455
chr6_122632000_122633000	chr6_122875000_122876000	0.050824	66	-243000	2	0.0571269204545455
chr6_122810000_122811000	chr6_122875000_122876000	0.049426	67	-65000	2	0.0571269204545455
chr6_122329000_122330000	chr6_122875000_122876000	0.040908	68	-546000	2	0.0571269204545455
chr6_122126000_122127000	chr6_122875000_122876000	0.039753	69	-749000	2	0.0571269204545455
chr6_122769000_122770000	chr6_122875000_122876000	0.03573	70	-106000	2	0.0571269204545455
chr6_122702000_122703000	chr6_122875000_122876000	0.035189	71	-173000	2	0.0571269204545455
chr6_122356000_122357000	chr6_122875000_122876000	0.033979	72	-519000	2	0.0571269204545455
chr6_123858000_123859000	chr6_122875000_122876000	0.033137	73	983000	2	0.0571269204545455
chr6_122346000_122347000	chr6_122875000_122876000	0.032096	74	-529000	2	0.0571269204545455
chr6_122595000_122596000	chr6_122875000_122876000	0.031998	75	-280000	2	0.0571269204545455
chr6_122660000_122661000	chr6_122875000_122876000	0.03079	76	-215000	2	0.0571269204545455
chr6_123004000_123005000	chr6_122875000_122876000	0.030128	77	129000	2	0.0571269204545455
chr6_122343000_122344000	chr6_122875000_122876000	0.028571	87	-532000	2	0.0571269204545455
chr6_122605000_122606000	chr6_122875000_122876000	0.028571	87	-270000	2	0.0571269204545455
chr6_122661000_122662000	chr6_122875000_122876000	0.028571	87	-214000	2	0.0571269204545455
chr6_122367000_122368000	chr6_122875000_122876000	0.028571	87	-508000	2	0.0571269204545455
chr6_122707000_122708000	chr6_122875000_122876000	0.028571	87	-168000	2	0.0571269204545455
chr6_122762000_122763000	chr6_122875000_122876000	0.028571	87	-113000	2	0.0571269204545455
chr6_122784000_122785000	chr6_122875000_122876000	0.028571	87	-91000	2	0.0571269204545455
chr6_122728000_122729000	chr6_122875000_122876000	0.028571	87	-147000	2	0.0571269204545455
chr6_122734000_122735000	chr6_122875000_122876000	0.028571	87	-141000	2	0.0571269204545455
chr6_122744000_122745000	chr6_122875000_122876000	0.028571	87	-131000	2	0.0571269204545455
chr6_122766000_122767000	chr6_122875000_122876000	0.028571	87	-109000	2	0.0571269204545455
chr6_122833000_122834000	chr6_122875000_122876000	0.028571	87	-42000	2	0.0571269204545455
chr6_123793000_123794000	chr6_122875000_122876000	0.028571	87	918000	2	0.0571269204545455
chr6_122523000_122524000	chr6_122875000_122876000	0.028571	87	-352000	2	0.0571269204545455
chr6_122653000_122654000	chr6_122875000_122876000	0.028571	87	-222000	2	0.0571269204545455
chr6_122690000_122691000	chr6_122875000_122876000	0.028571	87	-185000	2	0.0571269204545455
chr6_122706000_122707000	chr6_122875000_122876000	0.028571	87	-169000	2	0.0571269204545455
chr6_122716000_122717000	chr6_122875000_122876000	0.028571	87	-159000	2	0.0571269204545455
chr6_123818000_123819000	chr6_122875000_122876000	0.028571	87	943000	2	0.0571269204545455
chr6_122767000_122768000	chr6_122875000_122876000	0.028103	97	-108000	2	0.0571269204545455
chr6_122487000_122488000	chr6_122875000_122876000	0.027401	98	-388000	2	0.0571269204545455
chr6_123327000_123328000	chr6_122875000_122876000	0.026848	99	452000	2	0.0571269204545455
chr6_122606000_122607000	chr6_122875000_122876000	0.02642	100	-269000	2	0.0571269204545455
chr6_123646000_123647000	chr6_122875000_122876000	0.025582	101	771000	2	0.0571269204545455
chr6_122463000_122464000	chr6_122875000_122876000	0.023524	102	-412000	2	0.0571269204545455
chr6_122740000_122741000	chr6_122875000_122876000	0.02268	103	-135000	2	0.0571269204545455
chr6_122617000_122618000	chr6_122875000_122876000	0.019456	104	-258000	2	0.0571269204545455
chr6_122614000_122615000	chr6_122875000_122876000	0.019313	105	-261000	2	0.0571269204545455
chr6_122553000_122554000	chr6_122875000_122876000	0.018714	106	-322000	3	-0.0192976
chr6_122780000_122781000	chr6_122875000_122876000	0.015754	107	-95000	3	-0.0192976
chr6_122369000_122370000	chr6_122875000_122876000	0.014786	108	-506000	3	-0.0192976
chr6_122319000_122320000	chr6_122875000_122876000	0.01429	109	-556000	3	-0.0192976
chr6_122729000_122730000	chr6_122875000_122876000	0.01211	110	-146000	3	-0.0192976
chr6_122741000_122742000	chr6_122875000_122876000	0.01189	111	-134000	3	-0.0192976
chr6_122391000_122392000	chr6_122875000_122876000	0.010541	112	-484000	3	-0.0192976
chr6_122531000_122532000	chr6_122875000_122876000	0.010033	113	-344000	3	-0.0192976
chr6_122378000_122379000	chr6_122875000_122876000	0.009475	114	-497000	3	-0.0192976
chr6_122626000_122627000	chr6_122875000_122876000	0.00623	115	-249000	3	-0.0192976
chr6_122869000_122870000	chr6_122875000_122876000	0.005062	116	-6000	3	-0.0192976
chr6_122485000_122486000	chr6_122875000_122876000	0.004744	117	-390000	3	-0.0192976
chr6_122759000_122760000	chr6_122875000_122876000	0.004081	118	-116000	3	-0.0192976
chr6_122317000_122318000	chr6_122875000_122876000	0.003562	119	-558000	3	-0.0192976
chr6_122625000_122626000	chr6_122875000_122876000	0.002884	120	-250000	3	-0.0192976
chr6_122669000_122670000	chr6_122875000_122876000	0.002828	121	-206000	3	-0.0192976
chr6_123810000_123811000	chr6_122875000_122876000	0.002727	122	935000	3	-0.0192976
chr6_122305000_122306000	chr6_122875000_122876000	0.002515	123	-570000	3	-0.0192976
chr6_122341000_122342000	chr6_122875000_122876000	0.002181	124	-534000	3	-0.0192976
chr6_122314000_122315000	chr6_122875000_122876000	0.002087	125	-561000	3	-0.0192976
chr6_122633000_122634000	chr6_122875000_122876000	0.001872	126	-242000	3	-0.0192976
chr6_122663000_122664000	chr6_122875000_122876000	0.000979	127	-212000	3	-0.0192976
chr6_122469000_122470000	chr6_122875000_122876000	0.000967	128	-406000	3	-0.0192976
chr6_122331000_122332000	chr6_122875000_122876000	0	144.5	-544000	3	-0.0192976
chr6_122340000_122341000	chr6_122875000_122876000	0	144.5	-535000	3	-0.0192976
chr6_122719000_122720000	chr6_122875000_122876000	0	144.5	-156000	3	-0.0192976
chr6_122365000_122366000	chr6_122875000_122876000	0	144.5	-510000	3	-0.0192976
chr6_122368000_122369000	chr6_122875000_122876000	0	144.5	-507000	3	-0.0192976
chr6_122439000_122440000	chr6_122875000_122876000	0	144.5	-436000	3	-0.0192976
chr6_122492000_122493000	chr6_122875000_122876000	0	144.5	-383000	3	-0.0192976
chr6_122610000_122611000	chr6_122875000_122876000	0	144.5	-265000	3	-0.0192976
chr6_122662000_122663000	chr6_122875000_122876000	0	144.5	-213000	3	-0.0192976
chr6_122694000_122695000	chr6_122875000_122876000	0	144.5	-181000	3	-0.0192976
chr6_122713000_122714000	chr6_122875000_122876000	0	144.5	-162000	3	-0.0192976
chr6_122726000_122727000	chr6_122875000_122876000	0	144.5	-149000	3	-0.0192976
chr6_122727000_122728000	chr6_122875000_122876000	0	144.5	-148000	3	-0.0192976
chr6_122731000_122732000	chr6_122875000_122876000	0	144.5	-144000	3	-0.0192976
chr6_122735000_122736000	chr6_122875000_122876000	0	144.5	-140000	3	-0.0192976
chr6_122743000_122744000	chr6_122875000_122876000	0	144.5	-132000	3	-0.0192976
chr6_122761000_122762000	chr6_122875000_122876000	0	144.5	-114000	3	-0.0192976
chr6_122765000_122766000	chr6_122875000_122876000	0	144.5	-110000	3	-0.0192976
chr6_122768000_122769000	chr6_122875000_122876000	0	144.5	-107000	3	-0.0192976
chr6_122771000_122772000	chr6_122875000_122876000	0	144.5	-104000	3	-0.0192976
chr6_122772000_122773000	chr6_122875000_122876000	0	144.5	-103000	3	-0.0192976
chr6_122785000_122786000	chr6_122875000_122876000	0	144.5	-90000	3	-0.0192976
chr6_122828000_122829000	chr6_122875000_122876000	0	144.5	-47000	3	-0.0192976
chr6_122834000_122835000	chr6_122875000_122876000	0	144.5	-41000	3	-0.0192976
chr6_122883000_122884000	chr6_122875000_122876000	0	144.5	8000	3	-0.0192976
chr6_122989000_122990000	chr6_122875000_122876000	0	144.5	114000	3	-0.0192976
chr6_123332000_123333000	chr6_122875000_122876000	0	144.5	457000	3	-0.0192976
chr6_123696000_123697000	chr6_122875000_122876000	0	144.5	821000	3	-0.0192976
chr6_123697000_123698000	chr6_122875000_122876000	0	144.5	822000	3	-0.0192976
chr6_123784000_123785000	chr6_122875000_122876000	0	144.5	909000	3	-0.0192976
chr6_122763000_122764000	chr6_122875000_122876000	0	144.5	-112000	3	-0.0192976
chr6_122659000_122660000	chr6_122875000_122876000	0	144.5	-216000	3	-0.0192976
chr6_122732000_122733000	chr6_122875000_122876000	-0.00087	161	-143000	3	-0.0192976
chr6_122522000_122523000	chr6_122875000_122876000	-0.002792	162	-353000	3	-0.0192976
chr6_122315000_122316000	chr6_122875000_122876000	-0.002861	163	-560000	3	-0.0192976
chr6_122318000_122319000	chr6_122875000_122876000	-0.003361	164	-557000	3	-0.0192976
chr6_122393000_122394000	chr6_122875000_122876000	-0.005259	165	-482000	3	-0.0192976
chr6_122366000_122367000	chr6_122875000_122876000	-0.00604	166	-509000	3	-0.0192976
chr6_122295000_122296000	chr6_122875000_122876000	-0.006635	167	-580000	3	-0.0192976
chr6_122562000_122563000	chr6_122875000_122876000	-0.007034	168	-313000	3	-0.0192976
chr6_123795000_123796000	chr6_122875000_122876000	-0.007663	169	920000	3	-0.0192976
chr6_122821000_122822000	chr6_122875000_122876000	-0.007781	170	-54000	3	-0.0192976
chr6_123137000_123138000	chr6_122875000_122876000	-0.009549	171	262000	3	-0.0192976
chr6_122730000_122731000	chr6_122875000_122876000	-0.010711	172	-145000	3	-0.0192976
chr6_122328000_122329000	chr6_122875000_122876000	-0.010819	173	-547000	3	-0.0192976
chr6_122786000_122787000	chr6_122875000_122876000	-0.012929	174	-89000	3	-0.0192976
chr6_122608000_122609000	chr6_122875000_122876000	-0.013187	175	-267000	3	-0.0192976
chr6_122316000_122317000	chr6_122875000_122876000	-0.01472	176	-559000	3	-0.0192976
chr6_122528000_122529000	chr6_122875000_122876000	-0.017406	177	-347000	3	-0.0192976
chr6_122494000_122495000	chr6_122875000_122876000	-0.018461	178	-381000	3	-0.0192976
chr6_122337000_122338000	chr6_122875000_122876000	-0.022725	179	-538000	3	-0.0192976
chr6_123138000_123139000	chr6_122875000_122876000	-0.024163	180	263000	3	-0.0192976
chr6_122392000_122393000	chr6_122875000_122876000	-0.025218	181	-483000	3	-0.0192976
chr6_122313000_122314000	chr6_122875000_122876000	-0.026023	182	-562000	3	-0.0192976
chr6_122308000_122309000	chr6_122875000_122876000	-0.026594	183	-567000	3	-0.0192976
chr6_122745000_122746000	chr6_122875000_122876000	-0.027539	184	-130000	3	-0.0192976
chr6_122664000_122665000	chr6_122875000_122876000	-0.028426	185	-211000	3	-0.0192976
chr6_122335000_122336000	chr6_122875000_122876000	-0.028571	192	-540000	3	-0.0192976
chr6_122342000_122343000	chr6_122875000_122876000	-0.028571	192	-533000	3	-0.0192976
chr6_122640000_122641000	chr6_122875000_122876000	-0.028571	192	-235000	3	-0.0192976
chr6_122770000_122771000	chr6_122875000_122876000	-0.028571	192	-105000	3	-0.0192976
chr6_122591000_122592000	chr6_122875000_122876000	-0.028571	192	-284000	3	-0.0192976
chr6_122636000_122637000	chr6_122875000_122876000	-0.028571	192	-239000	3	-0.0192976
chr6_122742000_122743000	chr6_122875000_122876000	-0.028571	192	-133000	3	-0.0192976
chr6_122764000_122765000	chr6_122875000_122876000	-0.028571	192	-111000	3	-0.0192976
chr6_122347000_122348000	chr6_122875000_122876000	-0.028571	192	-528000	3	-0.0192976
chr6_122533000_122534000	chr6_122875000_122876000	-0.028571	192	-342000	3	-0.0192976
chr6_122607000_122608000	chr6_122875000_122876000	-0.028571	192	-268000	3	-0.0192976
chr6_122715000_122716000	chr6_122875000_122876000	-0.028571	192	-160000	3	-0.0192976
chr6_123785000_123786000	chr6_122875000_122876000	-0.028571	192	910000	3	-0.0192976
chr6_123340000_123341000	chr6_122875000_122876000	-0.028714	199	465000	3	-0.0192976
chr6_122689000_122690000	chr6_122875000_122876000	-0.029112	200	-186000	3	-0.0192976
chr6_122758000_122759000	chr6_122875000_122876000	-0.033112	201	-117000	3	-0.0192976
chr6_122334000_122335000	chr6_122875000_122876000	-0.033283	202	-541000	3	-0.0192976
chr6_122773000_122774000	chr6_122875000_122876000	-0.037233	203	-102000	3	-0.0192976
chr6_122709000_122710000	chr6_122875000_122876000	-0.040022	204	-166000	3	-0.0192976
chr6_122935000_122936000	chr6_122875000_122876000	-0.043044	205	60000	3	-0.0192976
chr6_122344000_122345000	chr6_122875000_122876000	-0.048435	206	-531000	3	-0.0192976
chr6_122666000_122667000	chr6_122875000_122876000	-0.050755	207	-209000	3	-0.0192976
chr6_122322000_122323000	chr6_122875000_122876000	-0.051987	208	-553000	3	-0.0192976
chr6_122505000_122506000	chr6_122875000_122876000	-0.054689	209	-370000	3	-0.0192976
chr6_122699000_122700000	chr6_122875000_122876000	-0.056005	210	-176000	3	-0.0192976
chr6_122802000_122803000	chr6_122875000_122876000	-0.057143	211.5	-73000	3	-0.0192976
chr6_122667000_122668000	chr6_122875000_122876000	-0.057143	211.5	-208000	3	-0.0192976
chr6_122598000_122599000	chr6_122875000_122876000	-0.060878	213	-277000	3	-0.0192976
chr6_122712000_122713000	chr6_122875000_122876000	-0.065265	214	-163000	3	-0.0192976
chr6_122703000_122704000	chr6_122875000_122876000	-0.067197	215	-172000	3	-0.0192976
chr6_122686000_122687000	chr6_122875000_122876000	-0.068994	216	-189000	3	-0.0192976
chr6_122811000_122812000	chr6_122875000_122876000	-0.079055	217	-64000	3	-0.0192976
chr6_122298000_122299000	chr6_122875000_122876000	-0.083511	218	-577000	3	-0.0192976
chr6_122628000_122629000	chr6_122875000_122876000	-0.085714	219	-247000	3	-0.0192976
chr6_122720000_122721000	chr6_122875000_122876000	-0.087248	220	-155000	3	-0.0192976
chr6_122336000_122337000	chr6_122875000_122876000	-0.092908	221	-539000	3	-0.0192976
chr6_123005000_123006000	chr6_122875000_122876000	-0.09747	222	130000	3	-0.0192976
chr6_122600000_122601000	chr6_122875000_122876000	-0.109222	223	-275000	3	-0.0192976
chr6_123328000_123329000	chr6_122875000_122876000	-0.114735	224	453000	3	-0.0192976
chr6_122333000_122334000	chr6_122875000_122876000	-0.132961	225	-542000	3	-0.0192976
