interact_region	promoter_region	pred	RF_rank	distance	kmeans	clustmean
chr6_122309000_122310000	chr6_122874000_122875000	0.545393	1	-565000	1	0.320308888888889
chr6_122804000_122805000	chr6_122874000_122875000	0.451413	2	-70000	1	0.320308888888889
chr6_122669000_122670000	chr6_122874000_122875000	0.337874	3	-205000	1	0.320308888888889
chr6_122560000_122561000	chr6_122874000_122875000	0.326076	4	-314000	1	0.320308888888889
chr6_122259000_122260000	chr6_122874000_122875000	0.276282	5	-615000	1	0.320308888888889
chr6_122304000_122305000	chr6_122874000_122875000	0.2693	6	-570000	1	0.320308888888889
chr6_122819000_122820000	chr6_122874000_122875000	0.23716	7	-55000	1	0.320308888888889
chr6_122820000_122821000	chr6_122874000_122875000	0.223639	8	-54000	1	0.320308888888889
chr6_122801000_122802000	chr6_122874000_122875000	0.215643	9	-73000	1	0.320308888888889
chr6_122338000_122339000	chr6_122874000_122875000	0.184042	10	-536000	2	0.086348546875
chr6_122496000_122497000	chr6_122874000_122875000	0.181286	11	-378000	2	0.086348546875
chr6_122595000_122596000	chr6_122874000_122875000	0.178505	12	-279000	2	0.086348546875
chr6_122505000_122506000	chr6_122874000_122875000	0.163164	13	-369000	2	0.086348546875
chr6_122875000_122876000	chr6_122874000_122875000	0.159495	14	1000	2	0.086348546875
chr6_122339000_122340000	chr6_122874000_122875000	0.158506	15	-535000	2	0.086348546875
chr6_122258000_122259000	chr6_122874000_122875000	0.151177	16	-616000	2	0.086348546875
chr6_122345000_122346000	chr6_122874000_122875000	0.146963	17	-529000	2	0.086348546875
chr6_122308000_122309000	chr6_122874000_122875000	0.143929	18	-566000	2	0.086348546875
chr6_122810000_122811000	chr6_122874000_122875000	0.142562	19	-64000	2	0.086348546875
chr6_122802000_122803000	chr6_122874000_122875000	0.140273	20	-72000	2	0.086348546875
chr6_122532000_122533000	chr6_122874000_122875000	0.131387	21	-342000	2	0.086348546875
chr6_122602000_122603000	chr6_122874000_122875000	0.130375	22	-272000	2	0.086348546875
chr6_122689000_122690000	chr6_122874000_122875000	0.128379	23	-185000	2	0.086348546875
chr6_122719000_122720000	chr6_122874000_122875000	0.126527	24	-155000	2	0.086348546875
chr6_122821000_122822000	chr6_122874000_122875000	0.111888	25	-53000	2	0.086348546875
chr6_122355000_122356000	chr6_122874000_122875000	0.109737	26	-519000	2	0.086348546875
chr6_122298000_122299000	chr6_122874000_122875000	0.101112	27	-576000	2	0.086348546875
chr6_122782000_122783000	chr6_122874000_122875000	0.097653	28	-92000	2	0.086348546875
chr6_122811000_122812000	chr6_122874000_122875000	0.096982	29	-63000	2	0.086348546875
chr6_122606000_122607000	chr6_122874000_122875000	0.09674	30	-268000	2	0.086348546875
chr6_122545000_122546000	chr6_122874000_122875000	0.095399	31	-329000	2	0.086348546875
chr6_122812000_122813000	chr6_122874000_122875000	0.094485	32	-62000	2	0.086348546875
chr6_122491000_122492000	chr6_122874000_122875000	0.090755	33	-383000	2	0.086348546875
chr6_122720000_122721000	chr6_122874000_122875000	0.08679	34	-154000	2	0.086348546875
chr6_122328000_122329000	chr6_122874000_122875000	0.082537	35	-546000	2	0.086348546875
chr6_122565000_122566000	chr6_122874000_122875000	0.080027	36	-309000	2	0.086348546875
chr6_122892000_122893000	chr6_122874000_122875000	0.078275	37	18000	2	0.086348546875
chr6_122761000_122762000	chr6_122874000_122875000	0.077057	38	-113000	2	0.086348546875
chr6_122632000_122633000	chr6_122874000_122875000	0.076375	39	-242000	2	0.086348546875
chr6_122297000_122298000	chr6_122874000_122875000	0.073868	40	-577000	2	0.086348546875
chr6_122314000_122315000	chr6_122874000_122875000	0.073546	41	-560000	2	0.086348546875
chr6_122315000_122316000	chr6_122874000_122875000	0.07199	42	-559000	2	0.086348546875
chr6_122344000_122345000	chr6_122874000_122875000	0.070388	43	-530000	2	0.086348546875
chr6_122617000_122618000	chr6_122874000_122875000	0.068136	44	-257000	2	0.086348546875
chr6_122740000_122741000	chr6_122874000_122875000	0.065035	45	-134000	2	0.086348546875
chr6_122531000_122532000	chr6_122874000_122875000	0.064453	46	-343000	2	0.086348546875
chr6_122494000_122495000	chr6_122874000_122875000	0.064072	47	-380000	2	0.086348546875
chr6_122824000_122825000	chr6_122874000_122875000	0.061791	48	-50000	2	0.086348546875
chr6_122332000_122333000	chr6_122874000_122875000	0.059914	49	-542000	2	0.086348546875
chr6_122715000_122716000	chr6_122874000_122875000	0.058942	50	-159000	2	0.086348546875
chr6_122323000_122324000	chr6_122874000_122875000	0.058429	51	-551000	2	0.086348546875
chr6_122833000_122834000	chr6_122874000_122875000	0.057143	55.5	-41000	2	0.086348546875
chr6_122773000_122774000	chr6_122874000_122875000	0.057143	55.5	-101000	2	0.086348546875
chr6_123784000_123785000	chr6_122874000_122875000	0.057143	55.5	910000	2	0.086348546875
chr6_122522000_122523000	chr6_122874000_122875000	0.057143	55.5	-352000	2	0.086348546875
chr6_122662000_122663000	chr6_122874000_122875000	0.057143	55.5	-212000	2	0.086348546875
chr6_122826000_122827000	chr6_122874000_122875000	0.057143	55.5	-48000	2	0.086348546875
chr6_123340000_123341000	chr6_122874000_122875000	0.057143	55.5	466000	2	0.086348546875
chr6_122764000_122765000	chr6_122874000_122875000	0.057143	55.5	-110000	2	0.086348546875
chr6_122557000_122558000	chr6_122874000_122875000	0.053925	60	-317000	2	0.086348546875
chr6_122346000_122347000	chr6_122874000_122875000	0.052786	61	-528000	2	0.086348546875
chr6_122310000_122311000	chr6_122874000_122875000	0.052445	62	-564000	2	0.086348546875
chr6_122126000_122127000	chr6_122874000_122875000	0.051127	63	-748000	2	0.086348546875
chr6_122533000_122534000	chr6_122874000_122875000	0.050824	64	-341000	2	0.086348546875
chr6_122495000_122496000	chr6_122874000_122875000	0.04757	65	-379000	2	0.086348546875
chr6_122614000_122615000	chr6_122874000_122875000	0.046357	66	-260000	2	0.086348546875
chr6_122335000_122336000	chr6_122874000_122875000	0.04384	67	-539000	2	0.086348546875
chr6_122593000_122594000	chr6_122874000_122875000	0.042105	68	-281000	2	0.086348546875
chr6_122313000_122314000	chr6_122874000_122875000	0.040366	69	-561000	2	0.086348546875
chr6_123795000_123796000	chr6_122874000_122875000	0.039795	70	921000	2	0.086348546875
chr6_122469000_122470000	chr6_122874000_122875000	0.038944	71	-405000	2	0.086348546875
chr6_122608000_122609000	chr6_122874000_122875000	0.038168	72	-266000	2	0.086348546875
chr6_122486000_122487000	chr6_122874000_122875000	0.037965	73	-388000	2	0.086348546875
chr6_122571000_122572000	chr6_122874000_122875000	0.034717	74	-303000	3	-0.01279725
chr6_122856000_122857000	chr6_122874000_122875000	0.033971	75	-18000	3	-0.01279725
chr6_122633000_122634000	chr6_122874000_122875000	0.028571	84	-241000	3	-0.01279725
chr6_122492000_122493000	chr6_122874000_122875000	0.028571	84	-382000	3	-0.01279725
chr6_122663000_122664000	chr6_122874000_122875000	0.028571	84	-211000	3	-0.01279725
chr6_122709000_122710000	chr6_122874000_122875000	0.028571	84	-165000	3	-0.01279725
chr6_122767000_122768000	chr6_122874000_122875000	0.028571	84	-107000	3	-0.01279725
chr6_122780000_122781000	chr6_122874000_122875000	0.028571	84	-94000	3	-0.01279725
chr6_122487000_122488000	chr6_122874000_122875000	0.028571	84	-387000	3	-0.01279725
chr6_122609000_122610000	chr6_122874000_122875000	0.028571	84	-265000	3	-0.01279725
chr6_122618000_122619000	chr6_122874000_122875000	0.028571	84	-256000	3	-0.01279725
chr6_122769000_122770000	chr6_122874000_122875000	0.028571	84	-105000	3	-0.01279725
chr6_122989000_122990000	chr6_122874000_122875000	0.028571	84	115000	3	-0.01279725
chr6_122336000_122337000	chr6_122874000_122875000	0.028571	84	-538000	3	-0.01279725
chr6_122391000_122392000	chr6_122874000_122875000	0.028571	84	-483000	3	-0.01279725
chr6_122463000_122464000	chr6_122874000_122875000	0.028571	84	-411000	3	-0.01279725
chr6_122528000_122529000	chr6_122874000_122875000	0.028571	84	-346000	3	-0.01279725
chr6_122744000_122745000	chr6_122874000_122875000	0.028571	84	-130000	3	-0.01279725
chr6_122521000_122522000	chr6_122874000_122875000	0.028571	84	-353000	3	-0.01279725
chr6_122625000_122626000	chr6_122874000_122875000	0.025527	93	-249000	3	-0.01279725
chr6_122708000_122709000	chr6_122874000_122875000	0.025397	94	-166000	3	-0.01279725
chr6_122699000_122700000	chr6_122874000_122875000	0.021507	95	-175000	3	-0.01279725
chr6_122664000_122665000	chr6_122874000_122875000	0.021271	96	-210000	3	-0.01279725
chr6_122758000_122759000	chr6_122874000_122875000	0.020765	97	-116000	3	-0.01279725
chr6_122795000_122796000	chr6_122874000_122875000	0.017907	98	-79000	3	-0.01279725
chr6_122312000_122313000	chr6_122874000_122875000	0.01743	99	-562000	3	-0.01279725
chr6_122378000_122379000	chr6_122874000_122875000	0.012148	100	-496000	3	-0.01279725
chr6_122759000_122760000	chr6_122874000_122875000	0.011449	101	-115000	3	-0.01279725
chr6_122666000_122667000	chr6_122874000_122875000	0.011395	102	-208000	3	-0.01279725
chr6_122554000_122555000	chr6_122874000_122875000	0.010572	103	-320000	3	-0.01279725
chr6_122316000_122317000	chr6_122874000_122875000	0.005512	104	-558000	3	-0.01279725
chr6_122392000_122393000	chr6_122874000_122875000	0.005042	105	-482000	3	-0.01279725
chr6_122368000_122369000	chr6_122874000_122875000	0.004876	106	-506000	3	-0.01279725
chr6_122624000_122625000	chr6_122874000_122875000	0.004718	107	-250000	3	-0.01279725
chr6_122935000_122936000	chr6_122874000_122875000	0.003757	108	61000	3	-0.01279725
chr6_122735000_122736000	chr6_122874000_122875000	0.003749	109	-139000	3	-0.01279725
chr6_123138000_123139000	chr6_122874000_122875000	0.000826	110	264000	3	-0.01279725
chr6_122485000_122486000	chr6_122874000_122875000	0	134.5	-389000	3	-0.01279725
chr6_122785000_122786000	chr6_122874000_122875000	0	134.5	-89000	3	-0.01279725
chr6_122367000_122368000	chr6_122874000_122875000	0	134.5	-507000	3	-0.01279725
chr6_122553000_122554000	chr6_122874000_122875000	0	134.5	-321000	3	-0.01279725
chr6_122591000_122592000	chr6_122874000_122875000	0	134.5	-283000	3	-0.01279725
chr6_122600000_122601000	chr6_122874000_122875000	0	134.5	-274000	3	-0.01279725
chr6_122605000_122606000	chr6_122874000_122875000	0	134.5	-269000	3	-0.01279725
chr6_122607000_122608000	chr6_122874000_122875000	0	134.5	-267000	3	-0.01279725
chr6_122626000_122627000	chr6_122874000_122875000	0	134.5	-248000	3	-0.01279725
chr6_122659000_122660000	chr6_122874000_122875000	0	134.5	-215000	3	-0.01279725
chr6_122660000_122661000	chr6_122874000_122875000	0	134.5	-214000	3	-0.01279725
chr6_122667000_122668000	chr6_122874000_122875000	0	134.5	-207000	3	-0.01279725
chr6_122686000_122687000	chr6_122874000_122875000	0	134.5	-188000	3	-0.01279725
chr6_122694000_122695000	chr6_122874000_122875000	0	134.5	-180000	3	-0.01279725
chr6_122696000_122697000	chr6_122874000_122875000	0	134.5	-178000	3	-0.01279725
chr6_122698000_122699000	chr6_122874000_122875000	0	134.5	-176000	3	-0.01279725
chr6_122702000_122703000	chr6_122874000_122875000	0	134.5	-172000	3	-0.01279725
chr6_122707000_122708000	chr6_122874000_122875000	0	134.5	-167000	3	-0.01279725
chr6_122726000_122727000	chr6_122874000_122875000	0	134.5	-148000	3	-0.01279725
chr6_122729000_122730000	chr6_122874000_122875000	0	134.5	-145000	3	-0.01279725
chr6_122730000_122731000	chr6_122874000_122875000	0	134.5	-144000	3	-0.01279725
chr6_122731000_122732000	chr6_122874000_122875000	0	134.5	-143000	3	-0.01279725
chr6_122732000_122733000	chr6_122874000_122875000	0	134.5	-142000	3	-0.01279725
chr6_122734000_122735000	chr6_122874000_122875000	0	134.5	-140000	3	-0.01279725
chr6_122737000_122738000	chr6_122874000_122875000	0	134.5	-137000	3	-0.01279725
chr6_122742000_122743000	chr6_122874000_122875000	0	134.5	-132000	3	-0.01279725
chr6_122745000_122746000	chr6_122874000_122875000	0	134.5	-129000	3	-0.01279725
chr6_122763000_122764000	chr6_122874000_122875000	0	134.5	-111000	3	-0.01279725
chr6_122765000_122766000	chr6_122874000_122875000	0	134.5	-109000	3	-0.01279725
chr6_122766000_122767000	chr6_122874000_122875000	0	134.5	-108000	3	-0.01279725
chr6_122770000_122771000	chr6_122874000_122875000	0	134.5	-104000	3	-0.01279725
chr6_122771000_122772000	chr6_122874000_122875000	0	134.5	-103000	3	-0.01279725
chr6_122784000_122785000	chr6_122874000_122875000	0	134.5	-90000	3	-0.01279725
chr6_122828000_122829000	chr6_122874000_122875000	0	134.5	-46000	3	-0.01279725
chr6_123004000_123005000	chr6_122874000_122875000	0	134.5	130000	3	-0.01279725
chr6_123005000_123006000	chr6_122874000_122875000	0	134.5	131000	3	-0.01279725
chr6_123137000_123138000	chr6_122874000_122875000	0	134.5	263000	3	-0.01279725
chr6_123327000_123328000	chr6_122874000_122875000	0	134.5	453000	3	-0.01279725
chr6_123332000_123333000	chr6_122874000_122875000	0	134.5	458000	3	-0.01279725
chr6_123646000_123647000	chr6_122874000_122875000	0	134.5	772000	3	-0.01279725
chr6_123657000_123658000	chr6_122874000_122875000	0	134.5	783000	3	-0.01279725
chr6_123793000_123794000	chr6_122874000_122875000	0	134.5	919000	3	-0.01279725
chr6_123858000_123859000	chr6_122874000_122875000	0	134.5	984000	3	-0.01279725
chr6_122341000_122342000	chr6_122874000_122875000	0	134.5	-533000	3	-0.01279725
chr6_122628000_122629000	chr6_122874000_122875000	0	134.5	-246000	3	-0.01279725
chr6_123818000_123819000	chr6_122874000_122875000	0	134.5	944000	3	-0.01279725
chr6_122768000_122769000	chr6_122874000_122875000	0	134.5	-106000	3	-0.01279725
chr6_122329000_122330000	chr6_122874000_122875000	0	134.5	-545000	3	-0.01279725
chr6_122331000_122332000	chr6_122874000_122875000	-0.001291	159	-543000	3	-0.01279725
chr6_122320000_122321000	chr6_122874000_122875000	-0.005726	160	-554000	3	-0.01279725
chr6_122727000_122728000	chr6_122874000_122875000	-0.006491	161	-147000	3	-0.01279725
chr6_123696000_123697000	chr6_122874000_122875000	-0.006709	162	822000	3	-0.01279725
chr6_122471000_122472000	chr6_122874000_122875000	-0.00788	163	-403000	3	-0.01279725
chr6_122317000_122318000	chr6_122874000_122875000	-0.009289	164	-557000	3	-0.01279725
chr6_122635000_122636000	chr6_122874000_122875000	-0.011288	165	-239000	3	-0.01279725
chr6_122356000_122357000	chr6_122874000_122875000	-0.011607	166	-518000	3	-0.01279725
chr6_122546000_122547000	chr6_122874000_122875000	-0.012672	167	-328000	3	-0.01279725
chr6_122340000_122341000	chr6_122874000_122875000	-0.013132	168	-534000	3	-0.01279725
chr6_122321000_122322000	chr6_122874000_122875000	-0.01435	169	-553000	3	-0.01279725
chr6_122741000_122742000	chr6_122874000_122875000	-0.019652	170	-133000	3	-0.01279725
chr6_122318000_122319000	chr6_122874000_122875000	-0.0198	171	-556000	3	-0.01279725
chr6_122690000_122691000	chr6_122874000_122875000	-0.022095	172	-184000	3	-0.01279725
chr6_122772000_122773000	chr6_122874000_122875000	-0.022355	173	-102000	3	-0.01279725
chr6_122561000_122562000	chr6_122874000_122875000	-0.022533	174	-313000	3	-0.01279725
chr6_122343000_122344000	chr6_122874000_122875000	-0.024441	175	-531000	3	-0.01279725
chr6_122716000_122717000	chr6_122874000_122875000	-0.028571	185	-158000	3	-0.01279725
chr6_122762000_122763000	chr6_122874000_122875000	-0.028571	185	-112000	3	-0.01279725
chr6_122706000_122707000	chr6_122874000_122875000	-0.028571	185	-168000	3	-0.01279725
chr6_122743000_122744000	chr6_122874000_122875000	-0.028571	185	-131000	3	-0.01279725
chr6_123647000_123648000	chr6_122874000_122875000	-0.028571	185	773000	3	-0.01279725
chr6_123785000_123786000	chr6_122874000_122875000	-0.028571	185	911000	3	-0.01279725
chr6_122610000_122611000	chr6_122874000_122875000	-0.028571	185	-264000	3	-0.01279725
chr6_122636000_122637000	chr6_122874000_122875000	-0.028571	185	-238000	3	-0.01279725
chr6_122653000_122654000	chr6_122874000_122875000	-0.028571	185	-221000	3	-0.01279725
chr6_122703000_122704000	chr6_122874000_122875000	-0.028571	185	-171000	3	-0.01279725
chr6_122883000_122884000	chr6_122874000_122875000	-0.028571	185	9000	3	-0.01279725
chr6_122337000_122338000	chr6_122874000_122875000	-0.028571	185	-537000	3	-0.01279725
chr6_122661000_122662000	chr6_122874000_122875000	-0.028571	185	-213000	3	-0.01279725
chr6_122870000_122871000	chr6_122874000_122875000	-0.028571	185	-4000	3	-0.01279725
chr6_123328000_123329000	chr6_122874000_122875000	-0.028571	185	454000	3	-0.01279725
chr6_123810000_123811000	chr6_122874000_122875000	-0.028571	185	936000	3	-0.01279725
chr6_122365000_122366000	chr6_122874000_122875000	-0.028571	185	-509000	3	-0.01279725
chr6_122369000_122370000	chr6_122874000_122875000	-0.028571	185	-505000	3	-0.01279725
chr6_122640000_122641000	chr6_122874000_122875000	-0.028571	185	-234000	3	-0.01279725
chr6_122305000_122306000	chr6_122874000_122875000	-0.02921	195	-569000	3	-0.01279725
chr6_122713000_122714000	chr6_122874000_122875000	-0.030073	196	-161000	3	-0.01279725
chr6_122834000_122835000	chr6_122874000_122875000	-0.031357	197	-40000	3	-0.01279725
chr6_122322000_122323000	chr6_122874000_122875000	-0.037022	198	-552000	3	-0.01279725
chr6_122825000_122826000	chr6_122874000_122875000	-0.038852	199	-49000	3	-0.01279725
chr6_122366000_122367000	chr6_122874000_122875000	-0.039953	200	-508000	3	-0.01279725
chr6_122393000_122394000	chr6_122874000_122875000	-0.040169	201	-481000	3	-0.01279725
chr6_122319000_122320000	chr6_122874000_122875000	-0.040513	202	-555000	3	-0.01279725
chr6_123697000_123698000	chr6_122874000_122875000	-0.040816	203	823000	3	-0.01279725
chr6_122325000_122326000	chr6_122874000_122875000	-0.041559	204	-549000	3	-0.01279725
chr6_122627000_122628000	chr6_122874000_122875000	-0.041982	205	-247000	3	-0.01279725
chr6_122513000_122514000	chr6_122874000_122875000	-0.054963	206	-361000	3	-0.01279725
chr6_122439000_122440000	chr6_122874000_122875000	-0.055129	207	-435000	3	-0.01279725
chr6_122333000_122334000	chr6_122874000_122875000	-0.057143	210.5	-541000	3	-0.01279725
chr6_122402000_122403000	chr6_122874000_122875000	-0.057143	210.5	-472000	3	-0.01279725
chr6_122670000_122671000	chr6_122874000_122875000	-0.057143	210.5	-204000	3	-0.01279725
chr6_122739000_122740000	chr6_122874000_122875000	-0.057143	210.5	-135000	3	-0.01279725
chr6_122523000_122524000	chr6_122874000_122875000	-0.057143	210.5	-351000	3	-0.01279725
chr6_122728000_122729000	chr6_122874000_122875000	-0.057143	210.5	-146000	3	-0.01279725
chr6_122334000_122335000	chr6_122874000_122875000	-0.05967	214	-540000	3	-0.01279725
chr6_122712000_122713000	chr6_122874000_122875000	-0.059981	215	-162000	3	-0.01279725
chr6_122882000_122883000	chr6_122874000_122875000	-0.066165	216	8000	3	-0.01279725
chr6_122786000_122787000	chr6_122874000_122875000	-0.069063	217	-88000	3	-0.01279725
chr6_122342000_122343000	chr6_122874000_122875000	-0.085714	218	-532000	3	-0.01279725
chr6_122347000_122348000	chr6_122874000_122875000	-0.087793	219	-527000	3	-0.01279725
chr6_122598000_122599000	chr6_122874000_122875000	-0.087855	220	-276000	3	-0.01279725
chr6_122760000_122761000	chr6_122874000_122875000	-0.090444	221	-114000	3	-0.01279725
chr6_122562000_122563000	chr6_122874000_122875000	-0.102893	222	-312000	3	-0.01279725
chr6_122869000_122870000	chr6_122874000_122875000	-0.114992	223	-5000	3	-0.01279725
chr6_122570000_122571000	chr6_122874000_122875000	-0.120874	224	-304000	3	-0.01279725
chr6_122295000_122296000	chr6_122874000_122875000	-0.139365	225	-579000	3	-0.01279725
