interact_region	promoter_region	pred	RF_rank	distance	kmeans	clustmean
chr6_122742000_122743000	chr6_122743000_122744000	0.393624	1	-1000	1	0.214891904761905
chr6_122492000_122493000	chr6_122743000_122744000	0.311752	2	-251000	1	0.214891904761905
chr6_123138000_123139000	chr6_122743000_122744000	0.2624	3	395000	1	0.214891904761905
chr6_122486000_122487000	chr6_122743000_122744000	0.249739	4	-257000	1	0.214891904761905
chr6_122737000_122738000	chr6_122743000_122744000	0.240857	5	-6000	1	0.214891904761905
chr6_122491000_122492000	chr6_122743000_122744000	0.237341	6	-252000	1	0.214891904761905
chr6_122744000_122745000	chr6_122743000_122744000	0.223107	7	1000	1	0.214891904761905
chr6_122726000_122727000	chr6_122743000_122744000	0.219638	8	-17000	1	0.214891904761905
chr6_122767000_122768000	chr6_122743000_122744000	0.211582	9	24000	1	0.214891904761905
chr6_122485000_122486000	chr6_122743000_122744000	0.210459	10	-258000	1	0.214891904761905
chr6_122763000_122764000	chr6_122743000_122744000	0.201794	11	20000	1	0.214891904761905
chr6_122764000_122765000	chr6_122743000_122744000	0.193216	12	21000	1	0.214891904761905
chr6_122341000_122342000	chr6_122743000_122744000	0.192485	13	-402000	1	0.214891904761905
chr6_122126000_122127000	chr6_122743000_122744000	0.191121	14	-617000	1	0.214891904761905
chr6_122729000_122730000	chr6_122743000_122744000	0.187715	15	-14000	1	0.214891904761905
chr6_122628000_122629000	chr6_122743000_122744000	0.180161	16	-115000	1	0.214891904761905
chr6_122731000_122732000	chr6_122743000_122744000	0.165782	17	-12000	1	0.214891904761905
chr6_122784000_122785000	chr6_122743000_122744000	0.165261	18	41000	1	0.214891904761905
chr6_122667000_122668000	chr6_122743000_122744000	0.162314	19	-76000	1	0.214891904761905
chr6_122734000_122735000	chr6_122743000_122744000	0.157616	20	-9000	1	0.214891904761905
chr6_122561000_122562000	chr6_122743000_122744000	0.154766	21	-182000	1	0.214891904761905
chr6_122664000_122665000	chr6_122743000_122744000	0.145793	22	-79000	2	0.0889545844155844
chr6_122591000_122592000	chr6_122743000_122744000	0.14247	23	-152000	2	0.0889545844155844
chr6_122305000_122306000	chr6_122743000_122744000	0.141902	24	-438000	2	0.0889545844155844
chr6_122640000_122641000	chr6_122743000_122744000	0.140737	25	-103000	2	0.0889545844155844
chr6_122314000_122315000	chr6_122743000_122744000	0.138186	26	-429000	2	0.0889545844155844
chr6_122471000_122472000	chr6_122743000_122744000	0.137569	27	-272000	2	0.0889545844155844
chr6_122494000_122495000	chr6_122743000_122744000	0.137281	28	-249000	2	0.0889545844155844
chr6_122487000_122488000	chr6_122743000_122744000	0.132812	29	-256000	2	0.0889545844155844
chr6_122627000_122628000	chr6_122743000_122744000	0.128948	30	-116000	2	0.0889545844155844
chr6_122730000_122731000	chr6_122743000_122744000	0.127802	31	-13000	2	0.0889545844155844
chr6_122707000_122708000	chr6_122743000_122744000	0.127777	32	-36000	2	0.0889545844155844
chr6_122786000_122787000	chr6_122743000_122744000	0.124887	33	43000	2	0.0889545844155844
chr6_122593000_122594000	chr6_122743000_122744000	0.123375	34	-150000	2	0.0889545844155844
chr6_122702000_122703000	chr6_122743000_122744000	0.121959	35	-41000	2	0.0889545844155844
chr6_122703000_122704000	chr6_122743000_122744000	0.11781	36	-40000	2	0.0889545844155844
chr6_122653000_122654000	chr6_122743000_122744000	0.117336	37	-90000	2	0.0889545844155844
chr6_122785000_122786000	chr6_122743000_122744000	0.116917	38	42000	2	0.0889545844155844
chr6_122660000_122661000	chr6_122743000_122744000	0.11641	39	-83000	2	0.0889545844155844
chr6_122610000_122611000	chr6_122743000_122744000	0.116066	40	-133000	2	0.0889545844155844
chr6_122706000_122707000	chr6_122743000_122744000	0.112883	41	-37000	2	0.0889545844155844
chr6_122367000_122368000	chr6_122743000_122744000	0.112267	42	-376000	2	0.0889545844155844
chr6_123340000_123341000	chr6_122743000_122744000	0.112008	43	597000	2	0.0889545844155844
chr6_122369000_122370000	chr6_122743000_122744000	0.109704	44	-374000	2	0.0889545844155844
chr6_122523000_122524000	chr6_122743000_122744000	0.108553	45	-220000	2	0.0889545844155844
chr6_122318000_122319000	chr6_122743000_122744000	0.106604	46	-425000	2	0.0889545844155844
chr6_122342000_122343000	chr6_122743000_122744000	0.104683	47	-401000	2	0.0889545844155844
chr6_122728000_122729000	chr6_122743000_122744000	0.099349	48	-15000	2	0.0889545844155844
chr6_122669000_122670000	chr6_122743000_122744000	0.098608	49	-74000	2	0.0889545844155844
chr6_122633000_122634000	chr6_122743000_122744000	0.098105	50	-110000	2	0.0889545844155844
chr6_123004000_123005000	chr6_122743000_122744000	0.097253	51	261000	2	0.0889545844155844
chr6_122609000_122610000	chr6_122743000_122744000	0.096831	52	-134000	2	0.0889545844155844
chr6_122607000_122608000	chr6_122743000_122744000	0.095563	53	-136000	2	0.0889545844155844
chr6_122368000_122369000	chr6_122743000_122744000	0.095298	54	-375000	2	0.0889545844155844
chr6_122356000_122357000	chr6_122743000_122744000	0.093408	55	-387000	2	0.0889545844155844
chr6_122761000_122762000	chr6_122743000_122744000	0.089378	56	18000	2	0.0889545844155844
chr6_122768000_122769000	chr6_122743000_122744000	0.088228	57	25000	2	0.0889545844155844
chr6_122614000_122615000	chr6_122743000_122744000	0.088067	58	-129000	2	0.0889545844155844
chr6_122391000_122392000	chr6_122743000_122744000	0.087902	59	-352000	2	0.0889545844155844
chr6_122316000_122317000	chr6_122743000_122744000	0.086719	60	-427000	2	0.0889545844155844
chr6_122727000_122728000	chr6_122743000_122744000	0.085975	61	-16000	2	0.0889545844155844
chr6_122366000_122367000	chr6_122743000_122744000	0.085714	63	-377000	2	0.0889545844155844
chr6_123696000_123697000	chr6_122743000_122744000	0.085714	63	953000	2	0.0889545844155844
chr6_122771000_122772000	chr6_122743000_122744000	0.085714	63	28000	2	0.0889545844155844
chr6_123005000_123006000	chr6_122743000_122744000	0.085413	65	262000	2	0.0889545844155844
chr6_122332000_122333000	chr6_122743000_122744000	0.0853	66	-411000	2	0.0889545844155844
chr6_122606000_122607000	chr6_122743000_122744000	0.08461	67	-137000	2	0.0889545844155844
chr6_122298000_122299000	chr6_122743000_122744000	0.08414	68	-445000	2	0.0889545844155844
chr6_122334000_122335000	chr6_122743000_122744000	0.081492	69	-409000	2	0.0889545844155844
chr6_122528000_122529000	chr6_122743000_122744000	0.081485	70	-215000	2	0.0889545844155844
chr6_122716000_122717000	chr6_122743000_122744000	0.078899	71	-27000	2	0.0889545844155844
chr6_123328000_123329000	chr6_122743000_122744000	0.071387	72	585000	2	0.0889545844155844
chr6_122626000_122627000	chr6_122743000_122744000	0.071241	73	-117000	2	0.0889545844155844
chr6_122325000_122326000	chr6_122743000_122744000	0.069055	74	-418000	2	0.0889545844155844
chr6_122546000_122547000	chr6_122743000_122744000	0.067697	75	-197000	2	0.0889545844155844
chr6_122521000_122522000	chr6_122743000_122744000	0.066765	76	-222000	2	0.0889545844155844
chr6_122605000_122606000	chr6_122743000_122744000	0.062721	77	-138000	2	0.0889545844155844
chr6_122317000_122318000	chr6_122743000_122744000	0.060394	78	-426000	2	0.0889545844155844
chr6_122828000_122829000	chr6_122743000_122744000	0.057151	79	85000	2	0.0889545844155844
chr6_122661000_122662000	chr6_122743000_122744000	0.057143	82.5	-82000	2	0.0889545844155844
chr6_122392000_122393000	chr6_122743000_122744000	0.057143	82.5	-351000	2	0.0889545844155844
chr6_122617000_122618000	chr6_122743000_122744000	0.057143	82.5	-126000	2	0.0889545844155844
chr6_122698000_122699000	chr6_122743000_122744000	0.057143	82.5	-45000	2	0.0889545844155844
chr6_122699000_122700000	chr6_122743000_122744000	0.057143	82.5	-44000	2	0.0889545844155844
chr6_122875000_122876000	chr6_122743000_122744000	0.057143	82.5	132000	2	0.0889545844155844
chr6_122766000_122767000	chr6_122743000_122744000	0.05615	86	23000	2	0.0889545844155844
chr6_122365000_122366000	chr6_122743000_122744000	0.055389	87	-378000	2	0.0889545844155844
chr6_122439000_122440000	chr6_122743000_122744000	0.054597	88	-304000	2	0.0889545844155844
chr6_122869000_122870000	chr6_122743000_122744000	0.050342	89	126000	2	0.0889545844155844
chr6_122331000_122332000	chr6_122743000_122744000	0.048351	90	-412000	2	0.0889545844155844
chr6_122608000_122609000	chr6_122743000_122744000	0.047962	91	-135000	2	0.0889545844155844
chr6_122533000_122534000	chr6_122743000_122744000	0.047625	92	-210000	2	0.0889545844155844
chr6_122339000_122340000	chr6_122743000_122744000	0.045766	93	-404000	2	0.0889545844155844
chr6_123657000_123658000	chr6_122743000_122744000	0.04502	94	914000	2	0.0889545844155844
chr6_122557000_122558000	chr6_122743000_122744000	0.042796	95	-186000	2	0.0889545844155844
chr6_122765000_122766000	chr6_122743000_122744000	0.042218	96	22000	2	0.0889545844155844
chr6_122522000_122523000	chr6_122743000_122744000	0.041113	97	-221000	2	0.0889545844155844
chr6_122308000_122309000	chr6_122743000_122744000	0.041001	98	-435000	2	0.0889545844155844
chr6_122378000_122379000	chr6_122743000_122744000	0.0395	99	-365000	3	-0.00797045833333333
chr6_122670000_122671000	chr6_122743000_122744000	0.03932	100	-73000	3	-0.00797045833333333
chr6_122553000_122554000	chr6_122743000_122744000	0.038823	101	-190000	3	-0.00797045833333333
chr6_122739000_122740000	chr6_122743000_122744000	0.037437	102	-4000	3	-0.00797045833333333
chr6_122304000_122305000	chr6_122743000_122744000	0.037143	103	-439000	3	-0.00797045833333333
chr6_122732000_122733000	chr6_122743000_122744000	0.036132	104	-11000	3	-0.00797045833333333
chr6_123327000_123328000	chr6_122743000_122744000	0.034936	105	584000	3	-0.00797045833333333
chr6_122598000_122599000	chr6_122743000_122744000	0.02893	106	-145000	3	-0.00797045833333333
chr6_122762000_122763000	chr6_122743000_122744000	0.028579	107	19000	3	-0.00797045833333333
chr6_122309000_122310000	chr6_122743000_122744000	0.028571	117.5	-434000	3	-0.00797045833333333
chr6_122393000_122394000	chr6_122743000_122744000	0.028571	117.5	-350000	3	-0.00797045833333333
chr6_122496000_122497000	chr6_122743000_122744000	0.028571	117.5	-247000	3	-0.00797045833333333
chr6_122663000_122664000	chr6_122743000_122744000	0.028571	117.5	-80000	3	-0.00797045833333333
chr6_122712000_122713000	chr6_122743000_122744000	0.028571	117.5	-31000	3	-0.00797045833333333
chr6_122760000_122761000	chr6_122743000_122744000	0.028571	117.5	17000	3	-0.00797045833333333
chr6_122802000_122803000	chr6_122743000_122744000	0.028571	117.5	59000	3	-0.00797045833333333
chr6_122812000_122813000	chr6_122743000_122744000	0.028571	117.5	69000	3	-0.00797045833333333
chr6_122595000_122596000	chr6_122743000_122744000	0.028571	117.5	-148000	3	-0.00797045833333333
chr6_122686000_122687000	chr6_122743000_122744000	0.028571	117.5	-57000	3	-0.00797045833333333
chr6_122795000_122796000	chr6_122743000_122744000	0.028571	117.5	52000	3	-0.00797045833333333
chr6_122801000_122802000	chr6_122743000_122744000	0.028571	117.5	58000	3	-0.00797045833333333
chr6_122834000_122835000	chr6_122743000_122744000	0.028571	117.5	91000	3	-0.00797045833333333
chr6_122336000_122337000	chr6_122743000_122744000	0.028571	117.5	-407000	3	-0.00797045833333333
chr6_122347000_122348000	chr6_122743000_122744000	0.028571	117.5	-396000	3	-0.00797045833333333
chr6_122570000_122571000	chr6_122743000_122744000	0.028571	117.5	-173000	3	-0.00797045833333333
chr6_122713000_122714000	chr6_122743000_122744000	0.028571	117.5	-30000	3	-0.00797045833333333
chr6_122820000_122821000	chr6_122743000_122744000	0.028571	117.5	77000	3	-0.00797045833333333
chr6_122833000_122834000	chr6_122743000_122744000	0.028571	117.5	90000	3	-0.00797045833333333
chr6_122772000_122773000	chr6_122743000_122744000	0.028571	117.5	29000	3	-0.00797045833333333
chr6_122720000_122721000	chr6_122743000_122744000	0.028431	128	-23000	3	-0.00797045833333333
chr6_122340000_122341000	chr6_122743000_122744000	0.028005	129	-403000	3	-0.00797045833333333
chr6_122319000_122320000	chr6_122743000_122744000	0.027143	130	-424000	3	-0.00797045833333333
chr6_122769000_122770000	chr6_122743000_122744000	0.026364	131	26000	3	-0.00797045833333333
chr6_122333000_122334000	chr6_122743000_122744000	0.026189	132	-410000	3	-0.00797045833333333
chr6_122295000_122296000	chr6_122743000_122744000	0.025273	133	-448000	3	-0.00797045833333333
chr6_122323000_122324000	chr6_122743000_122744000	0.024887	134	-420000	3	-0.00797045833333333
chr6_122505000_122506000	chr6_122743000_122744000	0.022456	135	-238000	3	-0.00797045833333333
chr6_122320000_122321000	chr6_122743000_122744000	0.02134	136	-423000	3	-0.00797045833333333
chr6_122531000_122532000	chr6_122743000_122744000	0.019904	137	-212000	3	-0.00797045833333333
chr6_122735000_122736000	chr6_122743000_122744000	0.018357	138	-8000	3	-0.00797045833333333
chr6_122740000_122741000	chr6_122743000_122744000	0.017517	139	-3000	3	-0.00797045833333333
chr6_122989000_122990000	chr6_122743000_122744000	0.013583	140	246000	3	-0.00797045833333333
chr6_122745000_122746000	chr6_122743000_122744000	0.010858	141	2000	3	-0.00797045833333333
chr6_122335000_122336000	chr6_122743000_122744000	0.007905	142	-408000	3	-0.00797045833333333
chr6_122632000_122633000	chr6_122743000_122744000	0.006741	143	-111000	3	-0.00797045833333333
chr6_122346000_122347000	chr6_122743000_122744000	0.004912	144	-397000	3	-0.00797045833333333
chr6_122345000_122346000	chr6_122743000_122744000	0.002912	145	-398000	3	-0.00797045833333333
chr6_122463000_122464000	chr6_122743000_122744000	0	156.5	-280000	3	-0.00797045833333333
chr6_122337000_122338000	chr6_122743000_122744000	0	156.5	-406000	3	-0.00797045833333333
chr6_122495000_122496000	chr6_122743000_122744000	0	156.5	-248000	3	-0.00797045833333333
chr6_122513000_122514000	chr6_122743000_122744000	0	156.5	-230000	3	-0.00797045833333333
chr6_122532000_122533000	chr6_122743000_122744000	0	156.5	-211000	3	-0.00797045833333333
chr6_122602000_122603000	chr6_122743000_122744000	0	156.5	-141000	3	-0.00797045833333333
chr6_122690000_122691000	chr6_122743000_122744000	0	156.5	-53000	3	-0.00797045833333333
chr6_122709000_122710000	chr6_122743000_122744000	0	156.5	-34000	3	-0.00797045833333333
chr6_122741000_122742000	chr6_122743000_122744000	0	156.5	-2000	3	-0.00797045833333333
chr6_122758000_122759000	chr6_122743000_122744000	0	156.5	15000	3	-0.00797045833333333
chr6_122804000_122805000	chr6_122743000_122744000	0	156.5	61000	3	-0.00797045833333333
chr6_122810000_122811000	chr6_122743000_122744000	0	156.5	67000	3	-0.00797045833333333
chr6_122819000_122820000	chr6_122743000_122744000	0	156.5	76000	3	-0.00797045833333333
chr6_122821000_122822000	chr6_122743000_122744000	0	156.5	78000	3	-0.00797045833333333
chr6_122825000_122826000	chr6_122743000_122744000	0	156.5	82000	3	-0.00797045833333333
chr6_122856000_122857000	chr6_122743000_122744000	0	156.5	113000	3	-0.00797045833333333
chr6_122870000_122871000	chr6_122743000_122744000	0	156.5	127000	3	-0.00797045833333333
chr6_122874000_122875000	chr6_122743000_122744000	0	156.5	131000	3	-0.00797045833333333
chr6_122892000_122893000	chr6_122743000_122744000	0	156.5	149000	3	-0.00797045833333333
chr6_123137000_123138000	chr6_122743000_122744000	0	156.5	394000	3	-0.00797045833333333
chr6_122780000_122781000	chr6_122743000_122744000	0	156.5	37000	3	-0.00797045833333333
chr6_122770000_122771000	chr6_122743000_122744000	0	156.5	27000	3	-0.00797045833333333
chr6_122773000_122774000	chr6_122743000_122744000	-0.002345	168	30000	3	-0.00797045833333333
chr6_122624000_122625000	chr6_122743000_122744000	-0.009016	169	-119000	3	-0.00797045833333333
chr6_122635000_122636000	chr6_122743000_122744000	-0.009076	170	-108000	3	-0.00797045833333333
chr6_122545000_122546000	chr6_122743000_122744000	-0.010329	171	-198000	3	-0.00797045833333333
chr6_122469000_122470000	chr6_122743000_122744000	-0.010576	172	-274000	3	-0.00797045833333333
chr6_122715000_122716000	chr6_122743000_122744000	-0.012984	173	-28000	3	-0.00797045833333333
chr6_122338000_122339000	chr6_122743000_122744000	-0.013802	174	-405000	3	-0.00797045833333333
chr6_122322000_122323000	chr6_122743000_122744000	-0.015855	175	-421000	3	-0.00797045833333333
chr6_122355000_122356000	chr6_122743000_122744000	-0.016319	176	-388000	3	-0.00797045833333333
chr6_122402000_122403000	chr6_122743000_122744000	-0.016948	177	-341000	3	-0.00797045833333333
chr6_123646000_123647000	chr6_122743000_122744000	-0.018833	178	903000	3	-0.00797045833333333
chr6_122297000_122298000	chr6_122743000_122744000	-0.019472	179	-446000	3	-0.00797045833333333
chr6_122689000_122690000	chr6_122743000_122744000	-0.020375	180	-54000	3	-0.00797045833333333
chr6_122313000_122314000	chr6_122743000_122744000	-0.022336	181	-430000	3	-0.00797045833333333
chr6_123332000_123333000	chr6_122743000_122744000	-0.023171	182	589000	3	-0.00797045833333333
chr6_122618000_122619000	chr6_122743000_122744000	-0.024734	183	-125000	3	-0.00797045833333333
chr6_122696000_122697000	chr6_122743000_122744000	-0.028268	184	-47000	3	-0.00797045833333333
chr6_122782000_122783000	chr6_122743000_122744000	-0.028571	188.5	39000	3	-0.00797045833333333
chr6_122824000_122825000	chr6_122743000_122744000	-0.028571	188.5	81000	3	-0.00797045833333333
chr6_122565000_122566000	chr6_122743000_122744000	-0.028571	188.5	-178000	3	-0.00797045833333333
chr6_122600000_122601000	chr6_122743000_122744000	-0.028571	188.5	-143000	3	-0.00797045833333333
chr6_122636000_122637000	chr6_122743000_122744000	-0.028571	188.5	-107000	3	-0.00797045833333333
chr6_122811000_122812000	chr6_122743000_122744000	-0.028571	188.5	68000	3	-0.00797045833333333
chr6_122571000_122572000	chr6_122743000_122744000	-0.028571	188.5	-172000	3	-0.00797045833333333
chr6_122935000_122936000	chr6_122743000_122744000	-0.028571	188.5	192000	3	-0.00797045833333333
chr6_122719000_122720000	chr6_122743000_122744000	-0.0338	193	-24000	3	-0.00797045833333333
chr6_122554000_122555000	chr6_122743000_122744000	-0.035001	194	-189000	3	-0.00797045833333333
chr6_122328000_122329000	chr6_122743000_122744000	-0.037788	195	-415000	3	-0.00797045833333333
chr6_122666000_122667000	chr6_122743000_122744000	-0.041762	196	-77000	3	-0.00797045833333333
chr6_122321000_122322000	chr6_122743000_122744000	-0.046606	197	-422000	3	-0.00797045833333333
chr6_122562000_122563000	chr6_122743000_122744000	-0.054543	198	-181000	3	-0.00797045833333333
chr6_122312000_122313000	chr6_122743000_122744000	-0.056453	199	-431000	3	-0.00797045833333333
chr6_122826000_122827000	chr6_122743000_122744000	-0.056791	200	83000	3	-0.00797045833333333
chr6_122662000_122663000	chr6_122743000_122744000	-0.057143	204.5	-81000	3	-0.00797045833333333
chr6_122310000_122311000	chr6_122743000_122744000	-0.057143	204.5	-433000	3	-0.00797045833333333
chr6_122343000_122344000	chr6_122743000_122744000	-0.057143	204.5	-400000	3	-0.00797045833333333
chr6_122625000_122626000	chr6_122743000_122744000	-0.057143	204.5	-118000	3	-0.00797045833333333
chr6_122759000_122760000	chr6_122743000_122744000	-0.057143	204.5	16000	3	-0.00797045833333333
chr6_122883000_122884000	chr6_122743000_122744000	-0.057143	204.5	140000	3	-0.00797045833333333
chr6_123647000_123648000	chr6_122743000_122744000	-0.057143	204.5	904000	3	-0.00797045833333333
chr6_123697000_123698000	chr6_122743000_122744000	-0.057143	204.5	954000	3	-0.00797045833333333
chr6_122694000_122695000	chr6_122743000_122744000	-0.058343	209	-49000	3	-0.00797045833333333
chr6_122659000_122660000	chr6_122743000_122744000	-0.059683	210	-84000	3	-0.00797045833333333
chr6_122560000_122561000	chr6_122743000_122744000	-0.060401	211	-183000	3	-0.00797045833333333
chr6_122259000_122260000	chr6_122743000_122744000	-0.074757	212	-484000	3	-0.00797045833333333
chr6_122708000_122709000	chr6_122743000_122744000	-0.081155	213	-35000	3	-0.00797045833333333
chr6_122344000_122345000	chr6_122743000_122744000	-0.085714	214	-399000	3	-0.00797045833333333
chr6_122882000_122883000	chr6_122743000_122744000	-0.096487	215	139000	3	-0.00797045833333333
chr6_122329000_122330000	chr6_122743000_122744000	-0.098057	216	-414000	3	-0.00797045833333333
chr6_122315000_122316000	chr6_122743000_122744000	-0.104608	217	-428000	3	-0.00797045833333333
chr6_122258000_122259000	chr6_122743000_122744000	-0.139352	218	-485000	3	-0.00797045833333333
