interact_region	promoter_region	pred	RF_rank	distance	kmeans	clustmean
chr6_122602000_122603000	chr6_122819000_122820000	0.432184	1	-217000	1	0.325606625
chr6_122495000_122496000	chr6_122819000_122820000	0.380546	2	-324000	1	0.325606625
chr6_122310000_122311000	chr6_122819000_122820000	0.36294	3	-509000	1	0.325606625
chr6_122297000_122298000	chr6_122819000_122820000	0.314484	4	-522000	1	0.325606625
chr6_122570000_122571000	chr6_122819000_122820000	0.314023	5	-249000	1	0.325606625
chr6_122795000_122796000	chr6_122819000_122820000	0.305797	6	-24000	1	0.325606625
chr6_122258000_122259000	chr6_122819000_122820000	0.266466	7	-561000	1	0.325606625
chr6_122546000_122547000	chr6_122819000_122820000	0.228413	8	-273000	1	0.325606625
chr6_122635000_122636000	chr6_122819000_122820000	0.192947	9	-184000	2	0.0793867258064516
chr6_122545000_122546000	chr6_122819000_122820000	0.176071	10	-274000	2	0.0793867258064516
chr6_122308000_122309000	chr6_122819000_122820000	0.161616	11	-511000	2	0.0793867258064516
chr6_122869000_122870000	chr6_122819000_122820000	0.160996	12	50000	2	0.0793867258064516
chr6_122531000_122532000	chr6_122819000_122820000	0.148427	13	-288000	2	0.0793867258064516
chr6_122821000_122822000	chr6_122819000_122820000	0.138444	14	2000	2	0.0793867258064516
chr6_122562000_122563000	chr6_122819000_122820000	0.136916	15	-257000	2	0.0793867258064516
chr6_122801000_122802000	chr6_122819000_122820000	0.131786	16	-18000	2	0.0793867258064516
chr6_122874000_122875000	chr6_122819000_122820000	0.123169	17	55000	2	0.0793867258064516
chr6_122824000_122825000	chr6_122819000_122820000	0.116651	18	5000	2	0.0793867258064516
chr6_122870000_122871000	chr6_122819000_122820000	0.11551	19	51000	2	0.0793867258064516
chr6_122883000_122884000	chr6_122819000_122820000	0.105979	20	64000	2	0.0793867258064516
chr6_122532000_122533000	chr6_122819000_122820000	0.102892	21	-287000	2	0.0793867258064516
chr6_122402000_122403000	chr6_122819000_122820000	0.10218	22	-417000	2	0.0793867258064516
chr6_122392000_122393000	chr6_122819000_122820000	0.101639	23	-427000	2	0.0793867258064516
chr6_122513000_122514000	chr6_122819000_122820000	0.099973	24	-306000	2	0.0793867258064516
chr6_122712000_122713000	chr6_122819000_122820000	0.097154	25	-107000	2	0.0793867258064516
chr6_122317000_122318000	chr6_122819000_122820000	0.094738	26	-502000	2	0.0793867258064516
chr6_122826000_122827000	chr6_122819000_122820000	0.091737	27	7000	2	0.0793867258064516
chr6_122689000_122690000	chr6_122819000_122820000	0.086718	28	-130000	2	0.0793867258064516
chr6_122496000_122497000	chr6_122819000_122820000	0.086585	29	-323000	2	0.0793867258064516
chr6_122342000_122343000	chr6_122819000_122820000	0.085714	30	-477000	2	0.0793867258064516
chr6_122741000_122742000	chr6_122819000_122820000	0.080673	31	-78000	2	0.0793867258064516
chr6_122309000_122310000	chr6_122819000_122820000	0.077372	32	-510000	2	0.0793867258064516
chr6_122565000_122566000	chr6_122819000_122820000	0.073639	33	-254000	2	0.0793867258064516
chr6_122259000_122260000	chr6_122819000_122820000	0.072112	34	-560000	2	0.0793867258064516
chr6_122554000_122555000	chr6_122819000_122820000	0.071979	35	-265000	2	0.0793867258064516
chr6_122875000_122876000	chr6_122819000_122820000	0.071109	36	56000	2	0.0793867258064516
chr6_122305000_122306000	chr6_122819000_122820000	0.068703	37	-514000	2	0.0793867258064516
chr6_122314000_122315000	chr6_122819000_122820000	0.066058	38	-505000	2	0.0793867258064516
chr6_122323000_122324000	chr6_122819000_122820000	0.06556	39	-496000	2	0.0793867258064516
chr6_122771000_122772000	chr6_122819000_122820000	0.063266	40	-48000	2	0.0793867258064516
chr6_122369000_122370000	chr6_122819000_122820000	0.062236	41	-450000	2	0.0793867258064516
chr6_122666000_122667000	chr6_122819000_122820000	0.060641	42	-153000	2	0.0793867258064516
chr6_122298000_122299000	chr6_122819000_122820000	0.059882	43	-521000	2	0.0793867258064516
chr6_122802000_122803000	chr6_122819000_122820000	0.059853	44	-17000	2	0.0793867258064516
chr6_122469000_122470000	chr6_122819000_122820000	0.058749	45	-350000	2	0.0793867258064516
chr6_123785000_123786000	chr6_122819000_122820000	0.058471	46	966000	2	0.0793867258064516
chr6_122856000_122857000	chr6_122819000_122820000	0.057892	47	37000	2	0.0793867258064516
chr6_122486000_122487000	chr6_122819000_122820000	0.057143	50.5	-333000	2	0.0793867258064516
chr6_122628000_122629000	chr6_122819000_122820000	0.057143	50.5	-191000	2	0.0793867258064516
chr6_122659000_122660000	chr6_122819000_122820000	0.057143	50.5	-160000	2	0.0793867258064516
chr6_122340000_122341000	chr6_122819000_122820000	0.057143	50.5	-479000	2	0.0793867258064516
chr6_122698000_122699000	chr6_122819000_122820000	0.057143	50.5	-121000	2	0.0793867258064516
chr6_122670000_122671000	chr6_122819000_122820000	0.057143	50.5	-149000	2	0.0793867258064516
chr6_122571000_122572000	chr6_122819000_122820000	0.056355	54	-248000	2	0.0793867258064516
chr6_123137000_123138000	chr6_122819000_122820000	0.056057	55	318000	2	0.0793867258064516
chr6_122328000_122329000	chr6_122819000_122820000	0.054406	56	-491000	2	0.0793867258064516
chr6_122338000_122339000	chr6_122819000_122820000	0.051653	57	-481000	2	0.0793867258064516
chr6_122653000_122654000	chr6_122819000_122820000	0.050655	58	-166000	2	0.0793867258064516
chr6_122325000_122326000	chr6_122819000_122820000	0.049909	59	-494000	2	0.0793867258064516
chr6_122393000_122394000	chr6_122819000_122820000	0.048057	60	-426000	2	0.0793867258064516
chr6_122463000_122464000	chr6_122819000_122820000	0.046736	61	-356000	2	0.0793867258064516
chr6_122759000_122760000	chr6_122819000_122820000	0.046531	62	-60000	2	0.0793867258064516
chr6_122696000_122697000	chr6_122819000_122820000	0.045244	63	-123000	2	0.0793867258064516
chr6_122365000_122366000	chr6_122819000_122820000	0.044732	64	-454000	2	0.0793867258064516
chr6_122595000_122596000	chr6_122819000_122820000	0.044627	65	-224000	2	0.0793867258064516
chr6_122633000_122634000	chr6_122819000_122820000	0.04241	66	-186000	2	0.0793867258064516
chr6_123327000_123328000	chr6_122819000_122820000	0.040199	67	508000	2	0.0793867258064516
chr6_122727000_122728000	chr6_122819000_122820000	0.039235	68	-92000	2	0.0793867258064516
chr6_122313000_122314000	chr6_122819000_122820000	0.038794	69	-506000	2	0.0793867258064516
chr6_123657000_123658000	chr6_122819000_122820000	0.037482	70	838000	2	0.0793867258064516
chr6_122772000_122773000	chr6_122819000_122820000	0.033315	71	-47000	3	-0.00708406493506493
chr6_122367000_122368000	chr6_122819000_122820000	0.032111	72	-452000	3	-0.00708406493506493
chr6_122768000_122769000	chr6_122819000_122820000	0.031957	73	-51000	3	-0.00708406493506493
chr6_122773000_122774000	chr6_122819000_122820000	0.0313	74	-46000	3	-0.00708406493506493
chr6_122608000_122609000	chr6_122819000_122820000	0.030806	75	-211000	3	-0.00708406493506493
chr6_122834000_122835000	chr6_122819000_122820000	0.029672	76	15000	3	-0.00708406493506493
chr6_122593000_122594000	chr6_122819000_122820000	0.028796	77	-226000	3	-0.00708406493506493
chr6_123332000_123333000	chr6_122819000_122820000	0.028571	86	513000	3	-0.00708406493506493
chr6_122315000_122316000	chr6_122819000_122820000	0.028571	86	-504000	3	-0.00708406493506493
chr6_122318000_122319000	chr6_122819000_122820000	0.028571	86	-501000	3	-0.00708406493506493
chr6_122356000_122357000	chr6_122819000_122820000	0.028571	86	-463000	3	-0.00708406493506493
chr6_122661000_122662000	chr6_122819000_122820000	0.028571	86	-158000	3	-0.00708406493506493
chr6_122708000_122709000	chr6_122819000_122820000	0.028571	86	-111000	3	-0.00708406493506493
chr6_122533000_122534000	chr6_122819000_122820000	0.028571	86	-286000	3	-0.00708406493506493
chr6_122663000_122664000	chr6_122819000_122820000	0.028571	86	-156000	3	-0.00708406493506493
chr6_122765000_122766000	chr6_122819000_122820000	0.028571	86	-54000	3	-0.00708406493506493
chr6_122769000_122770000	chr6_122819000_122820000	0.028571	86	-50000	3	-0.00708406493506493
chr6_122828000_122829000	chr6_122819000_122820000	0.028571	86	9000	3	-0.00708406493506493
chr6_123810000_123811000	chr6_122819000_122820000	0.028571	86	991000	3	-0.00708406493506493
chr6_123818000_123819000	chr6_122819000_122820000	0.028571	86	999000	3	-0.00708406493506493
chr6_122368000_122369000	chr6_122819000_122820000	0.028571	86	-451000	3	-0.00708406493506493
chr6_122694000_122695000	chr6_122819000_122820000	0.028571	86	-125000	3	-0.00708406493506493
chr6_122366000_122367000	chr6_122819000_122820000	0.028571	86	-453000	3	-0.00708406493506493
chr6_122521000_122522000	chr6_122819000_122820000	0.028571	86	-298000	3	-0.00708406493506493
chr6_122770000_122771000	chr6_122819000_122820000	0.024724	95	-49000	3	-0.00708406493506493
chr6_122786000_122787000	chr6_122819000_122820000	0.024678	96	-33000	3	-0.00708406493506493
chr6_122732000_122733000	chr6_122819000_122820000	0.023077	97	-87000	3	-0.00708406493506493
chr6_122935000_122936000	chr6_122819000_122820000	0.01957	98	116000	3	-0.00708406493506493
chr6_122560000_122561000	chr6_122819000_122820000	0.019546	99	-259000	3	-0.00708406493506493
chr6_122295000_122296000	chr6_122819000_122820000	0.019336	100	-524000	3	-0.00708406493506493
chr6_122766000_122767000	chr6_122819000_122820000	0.019233	101	-53000	3	-0.00708406493506493
chr6_122332000_122333000	chr6_122819000_122820000	0.018789	102	-487000	3	-0.00708406493506493
chr6_122345000_122346000	chr6_122819000_122820000	0.017933	103	-474000	3	-0.00708406493506493
chr6_122347000_122348000	chr6_122819000_122820000	0.017142	104	-472000	3	-0.00708406493506493
chr6_122989000_122990000	chr6_122819000_122820000	0.013113	105	170000	3	-0.00708406493506493
chr6_122439000_122440000	chr6_122819000_122820000	0.013106	106	-380000	3	-0.00708406493506493
chr6_122739000_122740000	chr6_122819000_122820000	0.012029	107	-80000	3	-0.00708406493506493
chr6_122606000_122607000	chr6_122819000_122820000	0.011651	108	-213000	3	-0.00708406493506493
chr6_122730000_122731000	chr6_122819000_122820000	0.011491	109	-89000	3	-0.00708406493506493
chr6_122812000_122813000	chr6_122819000_122820000	0.011206	110	-7000	3	-0.00708406493506493
chr6_122636000_122637000	chr6_122819000_122820000	0.010138	111	-183000	3	-0.00708406493506493
chr6_122341000_122342000	chr6_122819000_122820000	0.00627	112	-478000	3	-0.00708406493506493
chr6_122617000_122618000	chr6_122819000_122820000	0.00597	113	-202000	3	-0.00708406493506493
chr6_122600000_122601000	chr6_122819000_122820000	0.004018	114	-219000	3	-0.00708406493506493
chr6_122782000_122783000	chr6_122819000_122820000	0.002312	115	-37000	3	-0.00708406493506493
chr6_122833000_122834000	chr6_122819000_122820000	0.00136	116	14000	3	-0.00708406493506493
chr6_122702000_122703000	chr6_122819000_122820000	0.000428	117	-117000	3	-0.00708406493506493
chr6_122339000_122340000	chr6_122819000_122820000	0.000214	118	-480000	3	-0.00708406493506493
chr6_123784000_123785000	chr6_122819000_122820000	0	138.5	965000	3	-0.00708406493506493
chr6_122334000_122335000	chr6_122819000_122820000	0	138.5	-485000	3	-0.00708406493506493
chr6_122343000_122344000	chr6_122819000_122820000	0	138.5	-476000	3	-0.00708406493506493
chr6_122605000_122606000	chr6_122819000_122820000	0	138.5	-214000	3	-0.00708406493506493
chr6_122336000_122337000	chr6_122819000_122820000	0	138.5	-483000	3	-0.00708406493506493
chr6_122471000_122472000	chr6_122819000_122820000	0	138.5	-348000	3	-0.00708406493506493
chr6_122491000_122492000	chr6_122819000_122820000	0	138.5	-328000	3	-0.00708406493506493
chr6_122492000_122493000	chr6_122819000_122820000	0	138.5	-327000	3	-0.00708406493506493
chr6_122522000_122523000	chr6_122819000_122820000	0	138.5	-297000	3	-0.00708406493506493
chr6_122610000_122611000	chr6_122819000_122820000	0	138.5	-209000	3	-0.00708406493506493
chr6_122624000_122625000	chr6_122819000_122820000	0	138.5	-195000	3	-0.00708406493506493
chr6_122627000_122628000	chr6_122819000_122820000	0	138.5	-192000	3	-0.00708406493506493
chr6_122640000_122641000	chr6_122819000_122820000	0	138.5	-179000	3	-0.00708406493506493
chr6_122660000_122661000	chr6_122819000_122820000	0	138.5	-159000	3	-0.00708406493506493
chr6_122686000_122687000	chr6_122819000_122820000	0	138.5	-133000	3	-0.00708406493506493
chr6_122706000_122707000	chr6_122819000_122820000	0	138.5	-113000	3	-0.00708406493506493
chr6_122726000_122727000	chr6_122819000_122820000	0	138.5	-93000	3	-0.00708406493506493
chr6_122728000_122729000	chr6_122819000_122820000	0	138.5	-91000	3	-0.00708406493506493
chr6_122734000_122735000	chr6_122819000_122820000	0	138.5	-85000	3	-0.00708406493506493
chr6_122737000_122738000	chr6_122819000_122820000	0	138.5	-82000	3	-0.00708406493506493
chr6_122744000_122745000	chr6_122819000_122820000	0	138.5	-75000	3	-0.00708406493506493
chr6_122761000_122762000	chr6_122819000_122820000	0	138.5	-58000	3	-0.00708406493506493
chr6_122763000_122764000	chr6_122819000_122820000	0	138.5	-56000	3	-0.00708406493506493
chr6_122764000_122765000	chr6_122819000_122820000	0	138.5	-55000	3	-0.00708406493506493
chr6_122767000_122768000	chr6_122819000_122820000	0	138.5	-52000	3	-0.00708406493506493
chr6_122780000_122781000	chr6_122819000_122820000	0	138.5	-39000	3	-0.00708406493506493
chr6_122784000_122785000	chr6_122819000_122820000	0	138.5	-35000	3	-0.00708406493506493
chr6_122785000_122786000	chr6_122819000_122820000	0	138.5	-34000	3	-0.00708406493506493
chr6_122892000_122893000	chr6_122819000_122820000	0	138.5	73000	3	-0.00708406493506493
chr6_123138000_123139000	chr6_122819000_122820000	0	138.5	319000	3	-0.00708406493506493
chr6_123328000_123329000	chr6_122819000_122820000	0	138.5	509000	3	-0.00708406493506493
chr6_123696000_123697000	chr6_122819000_122820000	0	138.5	877000	3	-0.00708406493506493
chr6_123697000_123698000	chr6_122819000_122820000	0	138.5	878000	3	-0.00708406493506493
chr6_123793000_123794000	chr6_122819000_122820000	0	138.5	974000	3	-0.00708406493506493
chr6_122391000_122392000	chr6_122819000_122820000	0	138.5	-428000	3	-0.00708406493506493
chr6_122743000_122744000	chr6_122819000_122820000	0	138.5	-76000	3	-0.00708406493506493
chr6_122607000_122608000	chr6_122819000_122820000	0	138.5	-212000	3	-0.00708406493506493
chr6_122632000_122633000	chr6_122819000_122820000	0	138.5	-187000	3	-0.00708406493506493
chr6_122709000_122710000	chr6_122819000_122820000	0	138.5	-110000	3	-0.00708406493506493
chr6_123646000_123647000	chr6_122819000_122820000	0	138.5	827000	3	-0.00708406493506493
chr6_122304000_122305000	chr6_122819000_122820000	-0.000017	159	-515000	3	-0.00708406493506493
chr6_122346000_122347000	chr6_122819000_122820000	-0.000618	160	-473000	3	-0.00708406493506493
chr6_122337000_122338000	chr6_122819000_122820000	-0.002646	161	-482000	3	-0.00708406493506493
chr6_122316000_122317000	chr6_122819000_122820000	-0.002798	162	-503000	3	-0.00708406493506493
chr6_122625000_122626000	chr6_122819000_122820000	-0.003654	163	-194000	3	-0.00708406493506493
chr6_122378000_122379000	chr6_122819000_122820000	-0.004587	164	-441000	3	-0.00708406493506493
chr6_122810000_122811000	chr6_122819000_122820000	-0.00492	165	-9000	3	-0.00708406493506493
chr6_122811000_122812000	chr6_122819000_122820000	-0.00554	166	-8000	3	-0.00708406493506493
chr6_122713000_122714000	chr6_122819000_122820000	-0.006464	167	-106000	3	-0.00708406493506493
chr6_122598000_122599000	chr6_122819000_122820000	-0.006501	168	-221000	3	-0.00708406493506493
chr6_122335000_122336000	chr6_122819000_122820000	-0.00948	169	-484000	3	-0.00708406493506493
chr6_122760000_122761000	chr6_122819000_122820000	-0.009802	170	-59000	3	-0.00708406493506493
chr6_122505000_122506000	chr6_122819000_122820000	-0.012513	171	-314000	3	-0.00708406493506493
chr6_122820000_122821000	chr6_122819000_122820000	-0.012693	172	1000	3	-0.00708406493506493
chr6_122745000_122746000	chr6_122819000_122820000	-0.013626	173	-74000	3	-0.00708406493506493
chr6_123795000_123796000	chr6_122819000_122820000	-0.013865	174	976000	3	-0.00708406493506493
chr6_122882000_122883000	chr6_122819000_122820000	-0.015316	175	63000	3	-0.00708406493506493
chr6_122523000_122524000	chr6_122819000_122820000	-0.018102	176	-296000	3	-0.00708406493506493
chr6_122126000_122127000	chr6_122819000_122820000	-0.020182	177	-693000	3	-0.00708406493506493
chr6_122322000_122323000	chr6_122819000_122820000	-0.021091	178	-497000	3	-0.00708406493506493
chr6_122690000_122691000	chr6_122819000_122820000	-0.022213	179	-129000	3	-0.00708406493506493
chr6_122561000_122562000	chr6_122819000_122820000	-0.022243	180	-258000	3	-0.00708406493506493
chr6_122553000_122554000	chr6_122819000_122820000	-0.02274	181	-266000	3	-0.00708406493506493
chr6_122731000_122732000	chr6_122819000_122820000	-0.026687	182	-88000	3	-0.00708406493506493
chr6_122707000_122708000	chr6_122819000_122820000	-0.028571	191	-112000	3	-0.00708406493506493
chr6_122720000_122721000	chr6_122819000_122820000	-0.028571	191	-99000	3	-0.00708406493506493
chr6_122729000_122730000	chr6_122819000_122820000	-0.028571	191	-90000	3	-0.00708406493506493
chr6_122487000_122488000	chr6_122819000_122820000	-0.028571	191	-332000	3	-0.00708406493506493
chr6_122609000_122610000	chr6_122819000_122820000	-0.028571	191	-210000	3	-0.00708406493506493
chr6_122664000_122665000	chr6_122819000_122820000	-0.028571	191	-155000	3	-0.00708406493506493
chr6_122699000_122700000	chr6_122819000_122820000	-0.028571	191	-120000	3	-0.00708406493506493
chr6_122715000_122716000	chr6_122819000_122820000	-0.028571	191	-104000	3	-0.00708406493506493
chr6_123647000_123648000	chr6_122819000_122820000	-0.028571	191	828000	3	-0.00708406493506493
chr6_122614000_122615000	chr6_122819000_122820000	-0.028571	191	-205000	3	-0.00708406493506493
chr6_122669000_122670000	chr6_122819000_122820000	-0.028571	191	-150000	3	-0.00708406493506493
chr6_122716000_122717000	chr6_122819000_122820000	-0.028571	191	-103000	3	-0.00708406493506493
chr6_122719000_122720000	chr6_122819000_122820000	-0.028571	191	-100000	3	-0.00708406493506493
chr6_122740000_122741000	chr6_122819000_122820000	-0.028571	191	-79000	3	-0.00708406493506493
chr6_123005000_123006000	chr6_122819000_122820000	-0.028571	191	186000	3	-0.00708406493506493
chr6_122703000_122704000	chr6_122819000_122820000	-0.028571	191	-116000	3	-0.00708406493506493
chr6_123004000_123005000	chr6_122819000_122820000	-0.028571	191	185000	3	-0.00708406493506493
chr6_122825000_122826000	chr6_122819000_122820000	-0.032122	200	6000	3	-0.00708406493506493
chr6_122344000_122345000	chr6_122819000_122820000	-0.033309	201	-475000	3	-0.00708406493506493
chr6_122355000_122356000	chr6_122819000_122820000	-0.035385	202	-464000	3	-0.00708406493506493
chr6_122312000_122313000	chr6_122819000_122820000	-0.035576	203	-507000	3	-0.00708406493506493
chr6_122804000_122805000	chr6_122819000_122820000	-0.036653	204	-15000	3	-0.00708406493506493
chr6_122329000_122330000	chr6_122819000_122820000	-0.038285	205	-490000	3	-0.00708406493506493
chr6_122333000_122334000	chr6_122819000_122820000	-0.038295	206	-486000	3	-0.00708406493506493
chr6_122667000_122668000	chr6_122819000_122820000	-0.04055	207	-152000	3	-0.00708406493506493
chr6_122591000_122592000	chr6_122819000_122820000	-0.040709	208	-228000	3	-0.00708406493506493
chr6_122662000_122663000	chr6_122819000_122820000	-0.041142	209	-157000	3	-0.00708406493506493
chr6_122485000_122486000	chr6_122819000_122820000	-0.044778	210	-334000	3	-0.00708406493506493
chr6_122557000_122558000	chr6_122819000_122820000	-0.045652	211	-262000	3	-0.00708406493506493
chr6_122320000_122321000	chr6_122819000_122820000	-0.053462	212	-499000	3	-0.00708406493506493
chr6_122758000_122759000	chr6_122819000_122820000	-0.056943	213	-61000	3	-0.00708406493506493
chr6_122528000_122529000	chr6_122819000_122820000	-0.057143	216	-291000	3	-0.00708406493506493
chr6_122626000_122627000	chr6_122819000_122820000	-0.057143	216	-193000	3	-0.00708406493506493
chr6_122742000_122743000	chr6_122819000_122820000	-0.057143	216	-77000	3	-0.00708406493506493
chr6_122762000_122763000	chr6_122819000_122820000	-0.057143	216	-57000	3	-0.00708406493506493
chr6_123340000_123341000	chr6_122819000_122820000	-0.057143	216	521000	3	-0.00708406493506493
chr6_122735000_122736000	chr6_122819000_122820000	-0.063686	219	-84000	3	-0.00708406493506493
chr6_122319000_122320000	chr6_122819000_122820000	-0.071098	220	-500000	3	-0.00708406493506493
chr6_122618000_122619000	chr6_122819000_122820000	-0.074326	221	-201000	3	-0.00708406493506493
chr6_122321000_122322000	chr6_122819000_122820000	-0.085915	222	-498000	3	-0.00708406493506493
chr6_122494000_122495000	chr6_122819000_122820000	-0.091296	223	-325000	3	-0.00708406493506493
chr6_122331000_122332000	chr6_122819000_122820000	-0.093042	224	-488000	3	-0.00708406493506493
