interact_region	promoter_region	pred	RF_rank	distance	kmeans	clustmean
chr6_122316000_122317000	chr6_122609000_122610000	0.308549	1	-293000	1	0.172322896551724
chr6_122610000_122611000	chr6_122609000_122610000	0.296121	2	1000	1	0.172322896551724
chr6_122342000_122343000	chr6_122609000_122610000	0.261827	3	-267000	1	0.172322896551724
chr6_122664000_122665000	chr6_122609000_122610000	0.21863	4	55000	1	0.172322896551724
chr6_122315000_122316000	chr6_122609000_122610000	0.207441	5	-294000	1	0.172322896551724
chr6_122661000_122662000	chr6_122609000_122610000	0.204103	6	52000	1	0.172322896551724
chr6_122607000_122608000	chr6_122609000_122610000	0.200438	7	-2000	1	0.172322896551724
chr6_122727000_122728000	chr6_122609000_122610000	0.18304	8	118000	1	0.172322896551724
chr6_122670000_122671000	chr6_122609000_122610000	0.174455	9	61000	1	0.172322896551724
chr6_122295000_122296000	chr6_122609000_122610000	0.172696	10	-314000	1	0.172322896551724
chr6_122785000_122786000	chr6_122609000_122610000	0.168333	11	176000	1	0.172322896551724
chr6_122561000_122562000	chr6_122609000_122610000	0.168273	12	-48000	1	0.172322896551724
chr6_122707000_122708000	chr6_122609000_122610000	0.167123	13	98000	1	0.172322896551724
chr6_122624000_122625000	chr6_122609000_122610000	0.166241	14	15000	1	0.172322896551724
chr6_122591000_122592000	chr6_122609000_122610000	0.161157	15	-18000	1	0.172322896551724
chr6_122605000_122606000	chr6_122609000_122610000	0.159251	16	-4000	1	0.172322896551724
chr6_122469000_122470000	chr6_122609000_122610000	0.157974	17	-140000	1	0.172322896551724
chr6_122391000_122392000	chr6_122609000_122610000	0.146045	18	-218000	1	0.172322896551724
chr6_122606000_122607000	chr6_122609000_122610000	0.145432	19	-3000	1	0.172322896551724
chr6_122715000_122716000	chr6_122609000_122610000	0.144752	20	106000	1	0.172322896551724
chr6_122627000_122628000	chr6_122609000_122610000	0.143957	21	18000	1	0.172322896551724
chr6_122304000_122305000	chr6_122609000_122610000	0.139989	22	-305000	1	0.172322896551724
chr6_122728000_122729000	chr6_122609000_122610000	0.138993	23	119000	1	0.172322896551724
chr6_122770000_122771000	chr6_122609000_122610000	0.133586	24	161000	1	0.172322896551724
chr6_122332000_122333000	chr6_122609000_122610000	0.133222	25	-277000	1	0.172322896551724
chr6_122367000_122368000	chr6_122609000_122610000	0.132764	26	-242000	1	0.172322896551724
chr6_122402000_122403000	chr6_122609000_122610000	0.126104	27	-207000	1	0.172322896551724
chr6_122491000_122492000	chr6_122609000_122610000	0.118891	28	-118000	1	0.172322896551724
chr6_122317000_122318000	chr6_122609000_122610000	0.117977	29	-292000	1	0.172322896551724
chr6_122716000_122717000	chr6_122609000_122610000	0.111512	30	107000	2	0.056184843373494
chr6_122523000_122524000	chr6_122609000_122610000	0.111318	31	-86000	2	0.056184843373494
chr6_122366000_122367000	chr6_122609000_122610000	0.109998	32	-243000	2	0.056184843373494
chr6_121636000_121637000	chr6_122609000_122610000	0.109258	33	-973000	2	0.056184843373494
chr6_122626000_122627000	chr6_122609000_122610000	0.107235	34	17000	2	0.056184843373494
chr6_122341000_122342000	chr6_122609000_122610000	0.106832	35	-268000	2	0.056184843373494
chr6_122659000_122660000	chr6_122609000_122610000	0.105217	36	50000	2	0.056184843373494
chr6_122258000_122259000	chr6_122609000_122610000	0.104095	37	-351000	2	0.056184843373494
chr6_122439000_122440000	chr6_122609000_122610000	0.103382	38	-170000	2	0.056184843373494
chr6_123004000_123005000	chr6_122609000_122610000	0.098722	39	395000	2	0.056184843373494
chr6_122309000_122310000	chr6_122609000_122610000	0.096351	40	-300000	2	0.056184843373494
chr6_122336000_122337000	chr6_122609000_122610000	0.094866	41	-273000	2	0.056184843373494
chr6_122369000_122370000	chr6_122609000_122610000	0.094616	42	-240000	2	0.056184843373494
chr6_123332000_123333000	chr6_122609000_122610000	0.087122	43	723000	2	0.056184843373494
chr6_122356000_122357000	chr6_122609000_122610000	0.085714	44	-253000	2	0.056184843373494
chr6_122560000_122561000	chr6_122609000_122610000	0.084644	45	-49000	2	0.056184843373494
chr6_122340000_122341000	chr6_122609000_122610000	0.082778	46	-269000	2	0.056184843373494
chr6_122323000_122324000	chr6_122609000_122610000	0.080563	47	-286000	2	0.056184843373494
chr6_122713000_122714000	chr6_122609000_122610000	0.074225	48	104000	2	0.056184843373494
chr6_122617000_122618000	chr6_122609000_122610000	0.073959	49	8000	2	0.056184843373494
chr6_122485000_122486000	chr6_122609000_122610000	0.073516	50	-124000	2	0.056184843373494
chr6_122686000_122687000	chr6_122609000_122610000	0.072802	51	77000	2	0.056184843373494
chr6_122712000_122713000	chr6_122609000_122610000	0.070588	52	103000	2	0.056184843373494
chr6_122298000_122299000	chr6_122609000_122610000	0.068169	53	-311000	2	0.056184843373494
chr6_122319000_122320000	chr6_122609000_122610000	0.065334	54	-290000	2	0.056184843373494
chr6_122669000_122670000	chr6_122609000_122610000	0.060015	55	60000	2	0.056184843373494
chr6_122663000_122664000	chr6_122609000_122610000	0.059879	56	54000	2	0.056184843373494
chr6_122882000_122883000	chr6_122609000_122610000	0.057672	57	273000	2	0.056184843373494
chr6_122344000_122345000	chr6_122609000_122610000	0.057258	58	-265000	2	0.056184843373494
chr6_122708000_122709000	chr6_122609000_122610000	0.057171	59	99000	2	0.056184843373494
chr6_122696000_122697000	chr6_122609000_122610000	0.057143	62.5	87000	2	0.056184843373494
chr6_122345000_122346000	chr6_122609000_122610000	0.057143	62.5	-264000	2	0.056184843373494
chr6_122614000_122615000	chr6_122609000_122610000	0.057143	62.5	5000	2	0.056184843373494
chr6_122660000_122661000	chr6_122609000_122610000	0.057143	62.5	51000	2	0.056184843373494
chr6_122694000_122695000	chr6_122609000_122610000	0.057143	62.5	85000	2	0.056184843373494
chr6_123328000_123329000	chr6_122609000_122610000	0.057143	62.5	719000	2	0.056184843373494
chr6_122633000_122634000	chr6_122609000_122610000	0.056324	66	24000	2	0.056184843373494
chr6_122492000_122493000	chr6_122609000_122610000	0.055828	67	-117000	2	0.056184843373494
chr6_122762000_122763000	chr6_122609000_122610000	0.055694	68	153000	2	0.056184843373494
chr6_122593000_122594000	chr6_122609000_122610000	0.055491	69	-16000	2	0.056184843373494
chr6_122305000_122306000	chr6_122609000_122610000	0.053858	70	-304000	2	0.056184843373494
chr6_122557000_122558000	chr6_122609000_122610000	0.051383	71	-52000	2	0.056184843373494
chr6_123340000_123341000	chr6_122609000_122610000	0.05051	72	731000	2	0.056184843373494
chr6_122487000_122488000	chr6_122609000_122610000	0.049966	73	-122000	2	0.056184843373494
chr6_122365000_122366000	chr6_122609000_122610000	0.048762	74	-244000	2	0.056184843373494
chr6_122471000_122472000	chr6_122609000_122610000	0.048254	75	-138000	2	0.056184843373494
chr6_122338000_122339000	chr6_122609000_122610000	0.043387	76	-271000	2	0.056184843373494
chr6_122463000_122464000	chr6_122609000_122610000	0.043193	77	-146000	2	0.056184843373494
chr6_122335000_122336000	chr6_122609000_122610000	0.040712	78	-274000	2	0.056184843373494
chr6_122600000_122601000	chr6_122609000_122610000	0.040699	79	-9000	2	0.056184843373494
chr6_122699000_122700000	chr6_122609000_122610000	0.040037	80	90000	2	0.056184843373494
chr6_122743000_122744000	chr6_122609000_122610000	0.039902	81	134000	2	0.056184843373494
chr6_122667000_122668000	chr6_122609000_122610000	0.039895	82	58000	2	0.056184843373494
chr6_122328000_122329000	chr6_122609000_122610000	0.039843	83	-281000	2	0.056184843373494
chr6_122662000_122663000	chr6_122609000_122610000	0.039456	84	53000	2	0.056184843373494
chr6_122521000_122522000	chr6_122609000_122610000	0.0381	85	-88000	2	0.056184843373494
chr6_122297000_122298000	chr6_122609000_122610000	0.037566	86	-312000	2	0.056184843373494
chr6_122334000_122335000	chr6_122609000_122610000	0.037529	87	-275000	2	0.056184843373494
chr6_122745000_122746000	chr6_122609000_122610000	0.037446	88	136000	2	0.056184843373494
chr6_122347000_122348000	chr6_122609000_122610000	0.037279	89	-262000	2	0.056184843373494
chr6_122773000_122774000	chr6_122609000_122610000	0.036961	90	164000	2	0.056184843373494
chr6_122703000_122704000	chr6_122609000_122610000	0.036928	91	94000	2	0.056184843373494
chr6_122325000_122326000	chr6_122609000_122610000	0.036133	92	-284000	2	0.056184843373494
chr6_122801000_122802000	chr6_122609000_122610000	0.036054	93	192000	2	0.056184843373494
chr6_122505000_122506000	chr6_122609000_122610000	0.035547	94	-104000	2	0.056184843373494
chr6_122337000_122338000	chr6_122609000_122610000	0.034033	95	-272000	2	0.056184843373494
chr6_122339000_122340000	chr6_122609000_122610000	0.033827	96	-270000	2	0.056184843373494
chr6_122935000_122936000	chr6_122609000_122610000	0.029276	97	326000	2	0.056184843373494
chr6_122760000_122761000	chr6_122609000_122610000	0.028571	102	151000	2	0.056184843373494
chr6_122761000_122762000	chr6_122609000_122610000	0.028571	102	152000	2	0.056184843373494
chr6_122764000_122765000	chr6_122609000_122610000	0.028571	102	155000	2	0.056184843373494
chr6_122767000_122768000	chr6_122609000_122610000	0.028571	102	158000	2	0.056184843373494
chr6_122819000_122820000	chr6_122609000_122610000	0.028571	102	210000	2	0.056184843373494
chr6_122825000_122826000	chr6_122609000_122610000	0.028571	102	216000	2	0.056184843373494
chr6_122495000_122496000	chr6_122609000_122610000	0.028571	102	-114000	2	0.056184843373494
chr6_122702000_122703000	chr6_122609000_122610000	0.028571	102	93000	2	0.056184843373494
chr6_122826000_122827000	chr6_122609000_122610000	0.028571	102	217000	2	0.056184843373494
chr6_122698000_122699000	chr6_122609000_122610000	0.02743	107	89000	2	0.056184843373494
chr6_122875000_122876000	chr6_122609000_122610000	0.026795	108	266000	2	0.056184843373494
chr6_122528000_122529000	chr6_122609000_122610000	0.02419	109	-81000	2	0.056184843373494
chr6_122533000_122534000	chr6_122609000_122610000	0.020996	110	-76000	2	0.056184843373494
chr6_122740000_122741000	chr6_122609000_122610000	0.020811	111	131000	2	0.056184843373494
chr6_122321000_122322000	chr6_122609000_122610000	0.018439	112	-288000	2	0.056184843373494
chr6_122608000_122609000	chr6_122609000_122610000	0.016081	113	-1000	3	-0.019945801980198
chr6_122333000_122334000	chr6_122609000_122610000	0.014208	114	-276000	3	-0.019945801980198
chr6_122313000_122314000	chr6_122609000_122610000	0.013512	115	-296000	3	-0.019945801980198
chr6_122393000_122394000	chr6_122609000_122610000	0.012393	116	-216000	3	-0.019945801980198
chr6_122496000_122497000	chr6_122609000_122610000	0.012252	117	-113000	3	-0.019945801980198
chr6_122804000_122805000	chr6_122609000_122610000	0.011536	118	195000	3	-0.019945801980198
chr6_122320000_122321000	chr6_122609000_122610000	0.011451	119	-289000	3	-0.019945801980198
chr6_122856000_122857000	chr6_122609000_122610000	0.011401	120	247000	3	-0.019945801980198
chr6_122343000_122344000	chr6_122609000_122610000	0.010878	121	-266000	3	-0.019945801980198
chr6_122494000_122495000	chr6_122609000_122610000	0.010561	122	-115000	3	-0.019945801980198
chr6_122553000_122554000	chr6_122609000_122610000	0.005328	123	-56000	3	-0.019945801980198
chr6_122310000_122311000	chr6_122609000_122610000	0.005227	124	-299000	3	-0.019945801980198
chr6_122378000_122379000	chr6_122609000_122610000	0.004652	125	-231000	3	-0.019945801980198
chr6_122784000_122785000	chr6_122609000_122610000	0.003963	126	175000	3	-0.019945801980198
chr6_122598000_122599000	chr6_122609000_122610000	0.002317	127	-11000	3	-0.019945801980198
chr6_122735000_122736000	chr6_122609000_122610000	0	143	126000	3	-0.019945801980198
chr6_122730000_122731000	chr6_122609000_122610000	0	143	121000	3	-0.019945801980198
chr6_122821000_122822000	chr6_122609000_122610000	0	143	212000	3	-0.019945801980198
chr6_122989000_122990000	chr6_122609000_122610000	0	143	380000	3	-0.019945801980198
chr6_122602000_122603000	chr6_122609000_122610000	0	143	-7000	3	-0.019945801980198
chr6_122618000_122619000	chr6_122609000_122610000	0	143	9000	3	-0.019945801980198
chr6_122690000_122691000	chr6_122609000_122610000	0	143	81000	3	-0.019945801980198
chr6_122719000_122720000	chr6_122609000_122610000	0	143	110000	3	-0.019945801980198
chr6_122726000_122727000	chr6_122609000_122610000	0	143	117000	3	-0.019945801980198
chr6_122729000_122730000	chr6_122609000_122610000	0	143	120000	3	-0.019945801980198
chr6_122737000_122738000	chr6_122609000_122610000	0	143	128000	3	-0.019945801980198
chr6_122741000_122742000	chr6_122609000_122610000	0	143	132000	3	-0.019945801980198
chr6_122742000_122743000	chr6_122609000_122610000	0	143	133000	3	-0.019945801980198
chr6_122744000_122745000	chr6_122609000_122610000	0	143	135000	3	-0.019945801980198
chr6_122758000_122759000	chr6_122609000_122610000	0	143	149000	3	-0.019945801980198
chr6_122768000_122769000	chr6_122609000_122610000	0	143	159000	3	-0.019945801980198
chr6_122769000_122770000	chr6_122609000_122610000	0	143	160000	3	-0.019945801980198
chr6_122772000_122773000	chr6_122609000_122610000	0	143	163000	3	-0.019945801980198
chr6_122782000_122783000	chr6_122609000_122610000	0	143	173000	3	-0.019945801980198
chr6_122795000_122796000	chr6_122609000_122610000	0	143	186000	3	-0.019945801980198
chr6_122802000_122803000	chr6_122609000_122610000	0	143	193000	3	-0.019945801980198
chr6_122810000_122811000	chr6_122609000_122610000	0	143	201000	3	-0.019945801980198
chr6_122811000_122812000	chr6_122609000_122610000	0	143	202000	3	-0.019945801980198
chr6_122824000_122825000	chr6_122609000_122610000	0	143	215000	3	-0.019945801980198
chr6_122833000_122834000	chr6_122609000_122610000	0	143	224000	3	-0.019945801980198
chr6_122869000_122870000	chr6_122609000_122610000	0	143	260000	3	-0.019945801980198
chr6_122874000_122875000	chr6_122609000_122610000	0	143	265000	3	-0.019945801980198
chr6_122732000_122733000	chr6_122609000_122610000	0	143	123000	3	-0.019945801980198
chr6_122786000_122787000	chr6_122609000_122610000	0	143	177000	3	-0.019945801980198
chr6_122828000_122829000	chr6_122609000_122610000	0	143	219000	3	-0.019945801980198
chr6_122486000_122487000	chr6_122609000_122610000	0	143	-123000	3	-0.019945801980198
chr6_122314000_122315000	chr6_122609000_122610000	-0.001499	159	-295000	3	-0.019945801980198
chr6_122892000_122893000	chr6_122609000_122610000	-0.003739	160	283000	3	-0.019945801980198
chr6_122322000_122323000	chr6_122609000_122610000	-0.004069	161	-287000	3	-0.019945801980198
chr6_122355000_122356000	chr6_122609000_122610000	-0.008059	162	-254000	3	-0.019945801980198
chr6_123138000_123139000	chr6_122609000_122610000	-0.010523	163	529000	3	-0.019945801980198
chr6_122731000_122732000	chr6_122609000_122610000	-0.011174	164	122000	3	-0.019945801980198
chr6_122545000_122546000	chr6_122609000_122610000	-0.011201	165	-64000	3	-0.019945801980198
chr6_122628000_122629000	chr6_122609000_122610000	-0.018978	166	19000	3	-0.019945801980198
chr6_122706000_122707000	chr6_122609000_122610000	-0.019818	167	97000	3	-0.019945801980198
chr6_122368000_122369000	chr6_122609000_122610000	-0.022998	168	-241000	3	-0.019945801980198
chr6_122331000_122332000	chr6_122609000_122610000	-0.027269	169	-278000	3	-0.019945801980198
chr6_122392000_122393000	chr6_122609000_122610000	-0.028571	175.5	-217000	3	-0.019945801980198
chr6_122571000_122572000	chr6_122609000_122610000	-0.028571	175.5	-38000	3	-0.019945801980198
chr6_123005000_123006000	chr6_122609000_122610000	-0.028571	175.5	396000	3	-0.019945801980198
chr6_122739000_122740000	chr6_122609000_122610000	-0.028571	175.5	130000	3	-0.019945801980198
chr6_122834000_122835000	chr6_122609000_122610000	-0.028571	175.5	225000	3	-0.019945801980198
chr6_122532000_122533000	chr6_122609000_122610000	-0.028571	175.5	-77000	3	-0.019945801980198
chr6_122570000_122571000	chr6_122609000_122610000	-0.028571	175.5	-39000	3	-0.019945801980198
chr6_122635000_122636000	chr6_122609000_122610000	-0.028571	175.5	26000	3	-0.019945801980198
chr6_122759000_122760000	chr6_122609000_122610000	-0.028571	175.5	150000	3	-0.019945801980198
chr6_122771000_122772000	chr6_122609000_122610000	-0.028571	175.5	162000	3	-0.019945801980198
chr6_122780000_122781000	chr6_122609000_122610000	-0.028571	175.5	171000	3	-0.019945801980198
chr6_123137000_123138000	chr6_122609000_122610000	-0.028571	175.5	528000	3	-0.019945801980198
chr6_122636000_122637000	chr6_122609000_122610000	-0.029551	182	27000	3	-0.019945801980198
chr6_122308000_122309000	chr6_122609000_122610000	-0.030001	183	-301000	3	-0.019945801980198
chr6_122870000_122871000	chr6_122609000_122610000	-0.030199	184	261000	3	-0.019945801980198
chr6_122259000_122260000	chr6_122609000_122610000	-0.030245	185	-350000	3	-0.019945801980198
chr6_122318000_122319000	chr6_122609000_122610000	-0.030706	186	-291000	3	-0.019945801980198
chr6_122709000_122710000	chr6_122609000_122610000	-0.031294	187	100000	3	-0.019945801980198
chr6_122640000_122641000	chr6_122609000_122610000	-0.034274	188	31000	3	-0.019945801980198
chr6_122625000_122626000	chr6_122609000_122610000	-0.035665	189	16000	3	-0.019945801980198
chr6_122820000_122821000	chr6_122609000_122610000	-0.035735	190	211000	3	-0.019945801980198
chr6_122546000_122547000	chr6_122609000_122610000	-0.03649	191	-63000	3	-0.019945801980198
chr6_122522000_122523000	chr6_122609000_122610000	-0.037016	192	-87000	3	-0.019945801980198
chr6_122346000_122347000	chr6_122609000_122610000	-0.038717	193	-263000	3	-0.019945801980198
chr6_122883000_122884000	chr6_122609000_122610000	-0.039051	194	274000	3	-0.019945801980198
chr6_122595000_122596000	chr6_122609000_122610000	-0.040808	195	-14000	3	-0.019945801980198
chr6_122734000_122735000	chr6_122609000_122610000	-0.042009	196	125000	3	-0.019945801980198
chr6_122531000_122532000	chr6_122609000_122610000	-0.044144	197	-78000	3	-0.019945801980198
chr6_122766000_122767000	chr6_122609000_122610000	-0.044862	198	157000	3	-0.019945801980198
chr6_122812000_122813000	chr6_122609000_122610000	-0.047493	199	203000	3	-0.019945801980198
chr6_123327000_123328000	chr6_122609000_122610000	-0.056896	200	718000	3	-0.019945801980198
chr6_122565000_122566000	chr6_122609000_122610000	-0.057143	202.5	-44000	3	-0.019945801980198
chr6_122513000_122514000	chr6_122609000_122610000	-0.057143	202.5	-96000	3	-0.019945801980198
chr6_122632000_122633000	chr6_122609000_122610000	-0.057143	202.5	23000	3	-0.019945801980198
chr6_122689000_122690000	chr6_122609000_122610000	-0.057143	202.5	80000	3	-0.019945801980198
chr6_122312000_122313000	chr6_122609000_122610000	-0.058076	205	-297000	3	-0.019945801980198
chr6_122720000_122721000	chr6_122609000_122610000	-0.060728	206	111000	3	-0.019945801980198
chr6_122765000_122766000	chr6_122609000_122610000	-0.067799	207	156000	3	-0.019945801980198
chr6_122763000_122764000	chr6_122609000_122610000	-0.080096	208	154000	3	-0.019945801980198
chr6_122666000_122667000	chr6_122609000_122610000	-0.084958	209	57000	3	-0.019945801980198
chr6_122554000_122555000	chr6_122609000_122610000	-0.085714	210	-55000	3	-0.019945801980198
chr6_122653000_122654000	chr6_122609000_122610000	-0.0905	211	44000	3	-0.019945801980198
chr6_122562000_122563000	chr6_122609000_122610000	-0.090654	212	-47000	3	-0.019945801980198
chr6_122329000_122330000	chr6_122609000_122610000	-0.115854	213	-280000	3	-0.019945801980198
