interact_region	promoter_region	pred	RF_rank	distance	kmeans	clustmean
chr6_122706000_122707000	chr6_122707000_122708000	0.467827	1	-1000	1	0.336301571428571
chr6_123004000_123005000	chr6_122707000_122708000	0.461598	2	297000	1	0.336301571428571
chr6_122715000_122716000	chr6_122707000_122708000	0.376748	3	8000	1	0.336301571428571
chr6_122342000_122343000	chr6_122707000_122708000	0.322924	4	-365000	1	0.336301571428571
chr6_122341000_122342000	chr6_122707000_122708000	0.251256	5	-366000	1	0.336301571428571
chr6_123646000_123647000	chr6_122707000_122708000	0.24949	6	939000	1	0.336301571428571
chr6_122728000_122729000	chr6_122707000_122708000	0.224268	7	21000	1	0.336301571428571
chr6_122742000_122743000	chr6_122707000_122708000	0.211433	8	35000	2	0.096424025
chr6_122126000_122127000	chr6_122707000_122708000	0.198714	9	-581000	2	0.096424025
chr6_122766000_122767000	chr6_122707000_122708000	0.193205	10	59000	2	0.096424025
chr6_122716000_122717000	chr6_122707000_122708000	0.179064	11	9000	2	0.096424025
chr6_122365000_122366000	chr6_122707000_122708000	0.172916	12	-342000	2	0.096424025
chr6_122608000_122609000	chr6_122707000_122708000	0.168697	13	-99000	2	0.096424025
chr6_122694000_122695000	chr6_122707000_122708000	0.164443	14	-13000	2	0.096424025
chr6_122340000_122341000	chr6_122707000_122708000	0.159987	15	-367000	2	0.096424025
chr6_122591000_122592000	chr6_122707000_122708000	0.142561	16	-116000	2	0.096424025
chr6_122662000_122663000	chr6_122707000_122708000	0.141017	17	-45000	2	0.096424025
chr6_122702000_122703000	chr6_122707000_122708000	0.137919	18	-5000	2	0.096424025
chr6_122618000_122619000	chr6_122707000_122708000	0.137559	19	-89000	2	0.096424025
chr6_122739000_122740000	chr6_122707000_122708000	0.136964	20	32000	2	0.096424025
chr6_122333000_122334000	chr6_122707000_122708000	0.133313	21	-374000	2	0.096424025
chr6_122297000_122298000	chr6_122707000_122708000	0.133033	22	-410000	2	0.096424025
chr6_122660000_122661000	chr6_122707000_122708000	0.130621	23	-47000	2	0.096424025
chr6_122727000_122728000	chr6_122707000_122708000	0.127948	24	20000	2	0.096424025
chr6_122531000_122532000	chr6_122707000_122708000	0.12686	25	-176000	2	0.096424025
chr6_122486000_122487000	chr6_122707000_122708000	0.12606	26	-221000	2	0.096424025
chr6_122765000_122766000	chr6_122707000_122708000	0.12423	27	58000	2	0.096424025
chr6_122726000_122727000	chr6_122707000_122708000	0.122087	28	19000	2	0.096424025
chr6_122729000_122730000	chr6_122707000_122708000	0.121404	29	22000	2	0.096424025
chr6_122743000_122744000	chr6_122707000_122708000	0.118946	30	36000	2	0.096424025
chr6_122786000_122787000	chr6_122707000_122708000	0.114537	31	79000	2	0.096424025
chr6_122318000_122319000	chr6_122707000_122708000	0.109519	32	-389000	2	0.096424025
chr6_122663000_122664000	chr6_122707000_122708000	0.109366	33	-44000	2	0.096424025
chr6_122258000_122259000	chr6_122707000_122708000	0.109048	34	-449000	2	0.096424025
chr6_122522000_122523000	chr6_122707000_122708000	0.107632	35	-185000	2	0.096424025
chr6_123647000_123648000	chr6_122707000_122708000	0.106449	36	940000	2	0.096424025
chr6_122772000_122773000	chr6_122707000_122708000	0.106361	37	65000	2	0.096424025
chr6_122764000_122765000	chr6_122707000_122708000	0.103723	38	57000	2	0.096424025
chr6_122661000_122662000	chr6_122707000_122708000	0.098663	39	-46000	2	0.096424025
chr6_123005000_123006000	chr6_122707000_122708000	0.097903	40	298000	2	0.096424025
chr6_122391000_122392000	chr6_122707000_122708000	0.09778	41	-316000	2	0.096424025
chr6_122762000_122763000	chr6_122707000_122708000	0.09467	42	55000	2	0.096424025
chr6_122602000_122603000	chr6_122707000_122708000	0.093399	43	-105000	2	0.096424025
chr6_122366000_122367000	chr6_122707000_122708000	0.091663	44	-341000	2	0.096424025
chr6_122369000_122370000	chr6_122707000_122708000	0.088525	45	-338000	2	0.096424025
chr6_122869000_122870000	chr6_122707000_122708000	0.085714	46.5	162000	2	0.096424025
chr6_122557000_122558000	chr6_122707000_122708000	0.085714	46.5	-150000	2	0.096424025
chr6_122347000_122348000	chr6_122707000_122708000	0.085577	48	-360000	2	0.096424025
chr6_122730000_122731000	chr6_122707000_122708000	0.085564	49	23000	2	0.096424025
chr6_122317000_122318000	chr6_122707000_122708000	0.084426	50	-390000	2	0.096424025
chr6_122653000_122654000	chr6_122707000_122708000	0.081987	51	-54000	2	0.096424025
chr6_122367000_122368000	chr6_122707000_122708000	0.080228	52	-340000	2	0.096424025
chr6_122703000_122704000	chr6_122707000_122708000	0.07896	53	-4000	2	0.096424025
chr6_122487000_122488000	chr6_122707000_122708000	0.077083	54	-220000	2	0.096424025
chr6_122737000_122738000	chr6_122707000_122708000	0.075124	55	30000	2	0.096424025
chr6_122332000_122333000	chr6_122707000_122708000	0.074084	56	-375000	2	0.096424025
chr6_122856000_122857000	chr6_122707000_122708000	0.072253	57	149000	2	0.096424025
chr6_122316000_122317000	chr6_122707000_122708000	0.071079	58	-391000	2	0.096424025
chr6_122305000_122306000	chr6_122707000_122708000	0.070742	59	-402000	2	0.096424025
chr6_122523000_122524000	chr6_122707000_122708000	0.070383	60	-184000	2	0.096424025
chr6_122571000_122572000	chr6_122707000_122708000	0.070066	61	-136000	2	0.096424025
chr6_122732000_122733000	chr6_122707000_122708000	0.068592	62	25000	2	0.096424025
chr6_122471000_122472000	chr6_122707000_122708000	0.068372	63	-236000	2	0.096424025
chr6_122686000_122687000	chr6_122707000_122708000	0.067756	64	-21000	2	0.096424025
chr6_122345000_122346000	chr6_122707000_122708000	0.065839	65	-362000	2	0.096424025
chr6_122767000_122768000	chr6_122707000_122708000	0.06565	66	60000	2	0.096424025
chr6_122295000_122296000	chr6_122707000_122708000	0.065611	67	-412000	2	0.096424025
chr6_122690000_122691000	chr6_122707000_122708000	0.064983	68	-17000	2	0.096424025
chr6_122759000_122760000	chr6_122707000_122708000	0.063067	69	52000	2	0.096424025
chr6_122605000_122606000	chr6_122707000_122708000	0.060615	70	-102000	2	0.096424025
chr6_122315000_122316000	chr6_122707000_122708000	0.059137	71	-392000	2	0.096424025
chr6_122834000_122835000	chr6_122707000_122708000	0.058157	72	127000	2	0.096424025
chr6_122532000_122533000	chr6_122707000_122708000	0.057143	76.5	-175000	2	0.096424025
chr6_122562000_122563000	chr6_122707000_122708000	0.057143	76.5	-145000	2	0.096424025
chr6_122496000_122497000	chr6_122707000_122708000	0.057143	76.5	-211000	2	0.096424025
chr6_122570000_122571000	chr6_122707000_122708000	0.057143	76.5	-137000	2	0.096424025
chr6_122624000_122625000	chr6_122707000_122708000	0.057143	76.5	-83000	2	0.096424025
chr6_122633000_122634000	chr6_122707000_122708000	0.057143	76.5	-74000	2	0.096424025
chr6_122758000_122759000	chr6_122707000_122708000	0.057143	76.5	51000	2	0.096424025
chr6_122801000_122802000	chr6_122707000_122708000	0.057143	76.5	94000	2	0.096424025
chr6_122565000_122566000	chr6_122707000_122708000	0.056097	81	-142000	2	0.096424025
chr6_122664000_122665000	chr6_122707000_122708000	0.054089	82	-43000	2	0.096424025
chr6_122356000_122357000	chr6_122707000_122708000	0.053957	83	-351000	2	0.096424025
chr6_122335000_122336000	chr6_122707000_122708000	0.05391	84	-372000	2	0.096424025
chr6_122875000_122876000	chr6_122707000_122708000	0.048456	85	168000	2	0.096424025
chr6_122319000_122320000	chr6_122707000_122708000	0.047737	86	-388000	2	0.096424025
chr6_122709000_122710000	chr6_122707000_122708000	0.04755	87	2000	2	0.096424025
chr6_123697000_123698000	chr6_122707000_122708000	0.03975	88	990000	3	-0.00534767175572518
chr6_122763000_122764000	chr6_122707000_122708000	0.039713	89	56000	3	-0.00534767175572518
chr6_122708000_122709000	chr6_122707000_122708000	0.037031	90	1000	3	-0.00534767175572518
chr6_122595000_122596000	chr6_122707000_122708000	0.033743	91	-112000	3	-0.00534767175572518
chr6_122740000_122741000	chr6_122707000_122708000	0.033004	92	33000	3	-0.00534767175572518
chr6_122304000_122305000	chr6_122707000_122708000	0.032147	93	-403000	3	-0.00534767175572518
chr6_122338000_122339000	chr6_122707000_122708000	0.031497	94	-369000	3	-0.00534767175572518
chr6_122593000_122594000	chr6_122707000_122708000	0.030253	95	-114000	3	-0.00534767175572518
chr6_122626000_122627000	chr6_122707000_122708000	0.02998	96	-81000	3	-0.00534767175572518
chr6_122546000_122547000	chr6_122707000_122708000	0.029327	97	-161000	3	-0.00534767175572518
chr6_123696000_123697000	chr6_122707000_122708000	0.028886	98	989000	3	-0.00534767175572518
chr6_122669000_122670000	chr6_122707000_122708000	0.028594	99	-38000	3	-0.00534767175572518
chr6_122494000_122495000	chr6_122707000_122708000	0.02858	100	-213000	3	-0.00534767175572518
chr6_122313000_122314000	chr6_122707000_122708000	0.028571	106	-394000	3	-0.00534767175572518
chr6_122325000_122326000	chr6_122707000_122708000	0.028571	106	-382000	3	-0.00534767175572518
chr6_122610000_122611000	chr6_122707000_122708000	0.028571	106	-97000	3	-0.00534767175572518
chr6_122635000_122636000	chr6_122707000_122708000	0.028571	106	-72000	3	-0.00534767175572518
chr6_122720000_122721000	chr6_122707000_122708000	0.028571	106	13000	3	-0.00534767175572518
chr6_122463000_122464000	chr6_122707000_122708000	0.028571	106	-244000	3	-0.00534767175572518
chr6_122628000_122629000	chr6_122707000_122708000	0.028571	106	-79000	3	-0.00534767175572518
chr6_122745000_122746000	chr6_122707000_122708000	0.028571	106	38000	3	-0.00534767175572518
chr6_122773000_122774000	chr6_122707000_122708000	0.028571	106	66000	3	-0.00534767175572518
chr6_122320000_122321000	chr6_122707000_122708000	0.028571	106	-387000	3	-0.00534767175572518
chr6_122883000_122884000	chr6_122707000_122708000	0.028571	106	176000	3	-0.00534767175572518
chr6_123328000_123329000	chr6_122707000_122708000	0.028465	112	621000	3	-0.00534767175572518
chr6_122495000_122496000	chr6_122707000_122708000	0.028302	113	-212000	3	-0.00534767175572518
chr6_123138000_123139000	chr6_122707000_122708000	0.028036	114	431000	3	-0.00534767175572518
chr6_122314000_122315000	chr6_122707000_122708000	0.027809	115	-393000	3	-0.00534767175572518
chr6_122989000_122990000	chr6_122707000_122708000	0.023225	116	282000	3	-0.00534767175572518
chr6_122310000_122311000	chr6_122707000_122708000	0.023109	117	-397000	3	-0.00534767175572518
chr6_122485000_122486000	chr6_122707000_122708000	0.023012	118	-222000	3	-0.00534767175572518
chr6_122666000_122667000	chr6_122707000_122708000	0.02067	119	-41000	3	-0.00534767175572518
chr6_122554000_122555000	chr6_122707000_122708000	0.017578	120	-153000	3	-0.00534767175572518
chr6_122469000_122470000	chr6_122707000_122708000	0.016653	121	-238000	3	-0.00534767175572518
chr6_122329000_122330000	chr6_122707000_122708000	0.014717	122	-378000	3	-0.00534767175572518
chr6_122339000_122340000	chr6_122707000_122708000	0.014378	123	-368000	3	-0.00534767175572518
chr6_122935000_122936000	chr6_122707000_122708000	0.012313	124	228000	3	-0.00534767175572518
chr6_122826000_122827000	chr6_122707000_122708000	0.011673	125	119000	3	-0.00534767175572518
chr6_122712000_122713000	chr6_122707000_122708000	0.010705	126	5000	3	-0.00534767175572518
chr6_122331000_122332000	chr6_122707000_122708000	0.010595	127	-376000	3	-0.00534767175572518
chr6_122761000_122762000	chr6_122707000_122708000	0.009002	128	54000	3	-0.00534767175572518
chr6_122804000_122805000	chr6_122707000_122708000	0.007259	129	97000	3	-0.00534767175572518
chr6_122323000_122324000	chr6_122707000_122708000	0.004833	130	-384000	3	-0.00534767175572518
chr6_123332000_123333000	chr6_122707000_122708000	0.004583	131	625000	3	-0.00534767175572518
chr6_122770000_122771000	chr6_122707000_122708000	0.003152	132	63000	3	-0.00534767175572518
chr6_122785000_122786000	chr6_122707000_122708000	0.001734	133	78000	3	-0.00534767175572518
chr6_122336000_122337000	chr6_122707000_122708000	0.001629	134	-371000	3	-0.00534767175572518
chr6_122606000_122607000	chr6_122707000_122708000	0.000601	135	-101000	3	-0.00534767175572518
chr6_122874000_122875000	chr6_122707000_122708000	0	151.5	167000	3	-0.00534767175572518
chr6_122321000_122322000	chr6_122707000_122708000	0	151.5	-386000	3	-0.00534767175572518
chr6_122322000_122323000	chr6_122707000_122708000	0	151.5	-385000	3	-0.00534767175572518
chr6_122343000_122344000	chr6_122707000_122708000	0	151.5	-364000	3	-0.00534767175572518
chr6_122521000_122522000	chr6_122707000_122708000	0	151.5	-186000	3	-0.00534767175572518
chr6_122533000_122534000	chr6_122707000_122708000	0	151.5	-174000	3	-0.00534767175572518
chr6_122560000_122561000	chr6_122707000_122708000	0	151.5	-147000	3	-0.00534767175572518
chr6_122600000_122601000	chr6_122707000_122708000	0	151.5	-107000	3	-0.00534767175572518
chr6_122614000_122615000	chr6_122707000_122708000	0	151.5	-93000	3	-0.00534767175572518
chr6_122640000_122641000	chr6_122707000_122708000	0	151.5	-67000	3	-0.00534767175572518
chr6_122659000_122660000	chr6_122707000_122708000	0	151.5	-48000	3	-0.00534767175572518
chr6_122689000_122690000	chr6_122707000_122708000	0	151.5	-18000	3	-0.00534767175572518
chr6_122696000_122697000	chr6_122707000_122708000	0	151.5	-11000	3	-0.00534767175572518
chr6_122719000_122720000	chr6_122707000_122708000	0	151.5	12000	3	-0.00534767175572518
chr6_122760000_122761000	chr6_122707000_122708000	0	151.5	53000	3	-0.00534767175572518
chr6_122769000_122770000	chr6_122707000_122708000	0	151.5	62000	3	-0.00534767175572518
chr6_122771000_122772000	chr6_122707000_122708000	0	151.5	64000	3	-0.00534767175572518
chr6_122780000_122781000	chr6_122707000_122708000	0	151.5	73000	3	-0.00534767175572518
chr6_122811000_122812000	chr6_122707000_122708000	0	151.5	104000	3	-0.00534767175572518
chr6_122812000_122813000	chr6_122707000_122708000	0	151.5	105000	3	-0.00534767175572518
chr6_122819000_122820000	chr6_122707000_122708000	0	151.5	112000	3	-0.00534767175572518
chr6_122820000_122821000	chr6_122707000_122708000	0	151.5	113000	3	-0.00534767175572518
chr6_122821000_122822000	chr6_122707000_122708000	0	151.5	114000	3	-0.00534767175572518
chr6_122825000_122826000	chr6_122707000_122708000	0	151.5	118000	3	-0.00534767175572518
chr6_122833000_122834000	chr6_122707000_122708000	0	151.5	126000	3	-0.00534767175572518
chr6_122882000_122883000	chr6_122707000_122708000	0	151.5	175000	3	-0.00534767175572518
chr6_122892000_122893000	chr6_122707000_122708000	0	151.5	185000	3	-0.00534767175572518
chr6_123327000_123328000	chr6_122707000_122708000	0	151.5	620000	3	-0.00534767175572518
chr6_122328000_122329000	chr6_122707000_122708000	0	151.5	-379000	3	-0.00534767175572518
chr6_122607000_122608000	chr6_122707000_122708000	0	151.5	-100000	3	-0.00534767175572518
chr6_123137000_123138000	chr6_122707000_122708000	0	151.5	430000	3	-0.00534767175572518
chr6_122670000_122671000	chr6_122707000_122708000	0	151.5	-37000	3	-0.00534767175572518
chr6_122491000_122492000	chr6_122707000_122708000	-0.000242	168	-216000	3	-0.00534767175572518
chr6_122513000_122514000	chr6_122707000_122708000	-0.000284	169	-194000	3	-0.00534767175572518
chr6_122378000_122379000	chr6_122707000_122708000	-0.0006	170	-329000	3	-0.00534767175572518
chr6_122344000_122345000	chr6_122707000_122708000	-0.001285	171	-363000	3	-0.00534767175572518
chr6_122698000_122699000	chr6_122707000_122708000	-0.001573	172	-9000	3	-0.00534767175572518
chr6_122617000_122618000	chr6_122707000_122708000	-0.00213	173	-90000	3	-0.00534767175572518
chr6_122309000_122310000	chr6_122707000_122708000	-0.002788	174	-398000	3	-0.00534767175572518
chr6_122553000_122554000	chr6_122707000_122708000	-0.005114	175	-154000	3	-0.00534767175572518
chr6_122598000_122599000	chr6_122707000_122708000	-0.006466	176	-109000	3	-0.00534767175572518
chr6_122439000_122440000	chr6_122707000_122708000	-0.010898	177	-268000	3	-0.00534767175572518
chr6_122545000_122546000	chr6_122707000_122708000	-0.013095	178	-162000	3	-0.00534767175572518
chr6_122355000_122356000	chr6_122707000_122708000	-0.017631	179	-352000	3	-0.00534767175572518
chr6_122392000_122393000	chr6_122707000_122708000	-0.020884	180	-315000	3	-0.00534767175572518
chr6_122810000_122811000	chr6_122707000_122708000	-0.028144	181	103000	3	-0.00534767175572518
chr6_122402000_122403000	chr6_122707000_122708000	-0.028301	182	-305000	3	-0.00534767175572518
chr6_122782000_122783000	chr6_122707000_122708000	-0.028571	189.5	75000	3	-0.00534767175572518
chr6_122625000_122626000	chr6_122707000_122708000	-0.028571	189.5	-82000	3	-0.00534767175572518
chr6_122824000_122825000	chr6_122707000_122708000	-0.028571	189.5	117000	3	-0.00534767175572518
chr6_123657000_123658000	chr6_122707000_122708000	-0.028571	189.5	950000	3	-0.00534767175572518
chr6_122561000_122562000	chr6_122707000_122708000	-0.028571	189.5	-146000	3	-0.00534767175572518
chr6_122627000_122628000	chr6_122707000_122708000	-0.028571	189.5	-80000	3	-0.00534767175572518
chr6_122735000_122736000	chr6_122707000_122708000	-0.028571	189.5	28000	3	-0.00534767175572518
chr6_122784000_122785000	chr6_122707000_122708000	-0.028571	189.5	77000	3	-0.00534767175572518
chr6_122795000_122796000	chr6_122707000_122708000	-0.028571	189.5	88000	3	-0.00534767175572518
chr6_122802000_122803000	chr6_122707000_122708000	-0.028571	189.5	95000	3	-0.00534767175572518
chr6_122492000_122493000	chr6_122707000_122708000	-0.028571	189.5	-215000	3	-0.00534767175572518
chr6_122699000_122700000	chr6_122707000_122708000	-0.028571	189.5	-8000	3	-0.00534767175572518
chr6_122713000_122714000	chr6_122707000_122708000	-0.028571	189.5	6000	3	-0.00534767175572518
chr6_122870000_122871000	chr6_122707000_122708000	-0.028571	189.5	163000	3	-0.00534767175572518
chr6_122346000_122347000	chr6_122707000_122708000	-0.028893	197	-361000	3	-0.00534767175572518
chr6_122731000_122732000	chr6_122707000_122708000	-0.031404	198	24000	3	-0.00534767175572518
chr6_122312000_122313000	chr6_122707000_122708000	-0.032468	199	-395000	3	-0.00534767175572518
chr6_122337000_122338000	chr6_122707000_122708000	-0.03382	200	-370000	3	-0.00534767175572518
chr6_122298000_122299000	chr6_122707000_122708000	-0.033894	201	-409000	3	-0.00534767175572518
chr6_122505000_122506000	chr6_122707000_122708000	-0.036005	202	-202000	3	-0.00534767175572518
chr6_122741000_122742000	chr6_122707000_122708000	-0.038913	203	34000	3	-0.00534767175572518
chr6_122393000_122394000	chr6_122707000_122708000	-0.039734	204	-314000	3	-0.00534767175572518
chr6_122609000_122610000	chr6_122707000_122708000	-0.041875	205	-98000	3	-0.00534767175572518
chr6_122308000_122309000	chr6_122707000_122708000	-0.04642	206	-399000	3	-0.00534767175572518
chr6_122828000_122829000	chr6_122707000_122708000	-0.046628	207	121000	3	-0.00534767175572518
chr6_122259000_122260000	chr6_122707000_122708000	-0.050799	208	-448000	3	-0.00534767175572518
chr6_122636000_122637000	chr6_122707000_122708000	-0.051277	209	-71000	3	-0.00534767175572518
chr6_122734000_122735000	chr6_122707000_122708000	-0.057143	210.5	27000	3	-0.00534767175572518
chr6_122744000_122745000	chr6_122707000_122708000	-0.057143	210.5	37000	3	-0.00534767175572518
chr6_122528000_122529000	chr6_122707000_122708000	-0.06407	212	-179000	3	-0.00534767175572518
chr6_122768000_122769000	chr6_122707000_122708000	-0.065378	213	61000	3	-0.00534767175572518
chr6_122632000_122633000	chr6_122707000_122708000	-0.069359	214	-75000	3	-0.00534767175572518
chr6_122667000_122668000	chr6_122707000_122708000	-0.077333	215	-40000	3	-0.00534767175572518
chr6_123340000_123341000	chr6_122707000_122708000	-0.096704	216	633000	3	-0.00534767175572518
chr6_122334000_122335000	chr6_122707000_122708000	-0.11623	217	-373000	3	-0.00534767175572518
chr6_122368000_122369000	chr6_122707000_122708000	-0.126445	218	-339000	3	-0.00534767175572518
