interact_region	promoter_region	pred	RF_rank	distance	kmeans	clustmean
chr6_122378000_122379000	chr6_122698000_122699000	0.392651	1	-320000	1	0.172819588235294
chr6_122323000_122324000	chr6_122698000_122699000	0.25022	2	-375000	1	0.172819588235294
chr6_123137000_123138000	chr6_122698000_122699000	0.233978	3	439000	1	0.172819588235294
chr6_122314000_122315000	chr6_122698000_122699000	0.229755	4	-384000	1	0.172819588235294
chr6_122463000_122464000	chr6_122698000_122699000	0.224558	5	-235000	1	0.172819588235294
chr6_122745000_122746000	chr6_122698000_122699000	0.224512	6	47000	1	0.172819588235294
chr6_122653000_122654000	chr6_122698000_122699000	0.220107	7	-45000	1	0.172819588235294
chr6_122780000_122781000	chr6_122698000_122699000	0.208261	8	82000	1	0.172819588235294
chr6_122393000_122394000	chr6_122698000_122699000	0.207721	9	-305000	1	0.172819588235294
chr6_122335000_122336000	chr6_122698000_122699000	0.199563	10	-363000	1	0.172819588235294
chr6_122469000_122470000	chr6_122698000_122699000	0.196802	11	-229000	1	0.172819588235294
chr6_122772000_122773000	chr6_122698000_122699000	0.184975	12	74000	1	0.172819588235294
chr6_122763000_122764000	chr6_122698000_122699000	0.178702	13	65000	1	0.172819588235294
chr6_122334000_122335000	chr6_122698000_122699000	0.170369	14	-364000	1	0.172819588235294
chr6_122729000_122730000	chr6_122698000_122699000	0.161808	15	31000	1	0.172819588235294
chr6_122485000_122486000	chr6_122698000_122699000	0.160443	16	-213000	1	0.172819588235294
chr6_122744000_122745000	chr6_122698000_122699000	0.159296	17	46000	1	0.172819588235294
chr6_122347000_122348000	chr6_122698000_122699000	0.158717	18	-351000	1	0.172819588235294
chr6_122696000_122697000	chr6_122698000_122699000	0.155524	19	-2000	1	0.172819588235294
chr6_122315000_122316000	chr6_122698000_122699000	0.149754	20	-383000	1	0.172819588235294
chr6_122491000_122492000	chr6_122698000_122699000	0.145926	21	-207000	1	0.172819588235294
chr6_123138000_123139000	chr6_122698000_122699000	0.141522	22	440000	1	0.172819588235294
chr6_122259000_122260000	chr6_122698000_122699000	0.139455	23	-439000	1	0.172819588235294
chr6_122321000_122322000	chr6_122698000_122699000	0.137638	24	-377000	1	0.172819588235294
chr6_122356000_122357000	chr6_122698000_122699000	0.134523	25	-342000	1	0.172819588235294
chr6_122659000_122660000	chr6_122698000_122699000	0.130424	26	-39000	1	0.172819588235294
chr6_123328000_123329000	chr6_122698000_122699000	0.128621	27	630000	1	0.172819588235294
chr6_122304000_122305000	chr6_122698000_122699000	0.127069	28	-394000	1	0.172819588235294
chr6_122298000_122299000	chr6_122698000_122699000	0.124644	29	-400000	1	0.172819588235294
chr6_122305000_122306000	chr6_122698000_122699000	0.123181	30	-393000	1	0.172819588235294
chr6_122625000_122626000	chr6_122698000_122699000	0.122893	31	-73000	1	0.172819588235294
chr6_122727000_122728000	chr6_122698000_122699000	0.121929	32	29000	1	0.172819588235294
chr6_122614000_122615000	chr6_122698000_122699000	0.115286	33	-84000	1	0.172819588235294
chr6_123697000_123698000	chr6_122698000_122699000	0.115039	34	999000	1	0.172819588235294
chr6_122316000_122317000	chr6_122698000_122699000	0.109888	35	-382000	2	0.053039032967033
chr6_122667000_122668000	chr6_122698000_122699000	0.109303	36	-31000	2	0.053039032967033
chr6_122331000_122332000	chr6_122698000_122699000	0.109068	37	-367000	2	0.053039032967033
chr6_122336000_122337000	chr6_122698000_122699000	0.107956	38	-362000	2	0.053039032967033
chr6_122325000_122326000	chr6_122698000_122699000	0.106514	39	-373000	2	0.053039032967033
chr6_122313000_122314000	chr6_122698000_122699000	0.103137	40	-385000	2	0.053039032967033
chr6_122319000_122320000	chr6_122698000_122699000	0.10111	41	-379000	2	0.053039032967033
chr6_122522000_122523000	chr6_122698000_122699000	0.100746	42	-176000	2	0.053039032967033
chr6_122258000_122259000	chr6_122698000_122699000	0.09821	43	-440000	2	0.053039032967033
chr6_122439000_122440000	chr6_122698000_122699000	0.09654	44	-259000	2	0.053039032967033
chr6_122562000_122563000	chr6_122698000_122699000	0.095648	45	-136000	2	0.053039032967033
chr6_122626000_122627000	chr6_122698000_122699000	0.093766	46	-72000	2	0.053039032967033
chr6_122317000_122318000	chr6_122698000_122699000	0.091514	47	-381000	2	0.053039032967033
chr6_122295000_122296000	chr6_122698000_122699000	0.090829	48	-403000	2	0.053039032967033
chr6_122367000_122368000	chr6_122698000_122699000	0.087898	49	-331000	2	0.053039032967033
chr6_122343000_122344000	chr6_122698000_122699000	0.08673	50	-355000	2	0.053039032967033
chr6_122341000_122342000	chr6_122698000_122699000	0.083104	51	-357000	2	0.053039032967033
chr6_122342000_122343000	chr6_122698000_122699000	0.081517	52	-356000	2	0.053039032967033
chr6_122492000_122493000	chr6_122698000_122699000	0.081417	53	-206000	2	0.053039032967033
chr6_122366000_122367000	chr6_122698000_122699000	0.080805	54	-332000	2	0.053039032967033
chr6_122828000_122829000	chr6_122698000_122699000	0.079867	55	130000	2	0.053039032967033
chr6_122391000_122392000	chr6_122698000_122699000	0.071986	56	-307000	2	0.053039032967033
chr6_122784000_122785000	chr6_122698000_122699000	0.071892	57	86000	2	0.053039032967033
chr6_123004000_123005000	chr6_122698000_122699000	0.067224	58	306000	2	0.053039032967033
chr6_122707000_122708000	chr6_122698000_122699000	0.066902	59	9000	2	0.053039032967033
chr6_122628000_122629000	chr6_122698000_122699000	0.062911	60	-70000	2	0.053039032967033
chr6_122355000_122356000	chr6_122698000_122699000	0.062158	61	-343000	2	0.053039032967033
chr6_122521000_122522000	chr6_122698000_122699000	0.060446	62	-177000	2	0.053039032967033
chr6_123332000_123333000	chr6_122698000_122699000	0.058535	63	634000	2	0.053039032967033
chr6_122635000_122636000	chr6_122698000_122699000	0.057143	68	-63000	2	0.053039032967033
chr6_122810000_122811000	chr6_122698000_122699000	0.057143	68	112000	2	0.053039032967033
chr6_122883000_122884000	chr6_122698000_122699000	0.057143	68	185000	2	0.053039032967033
chr6_122533000_122534000	chr6_122698000_122699000	0.057143	68	-165000	2	0.053039032967033
chr6_122624000_122625000	chr6_122698000_122699000	0.057143	68	-74000	2	0.053039032967033
chr6_122636000_122637000	chr6_122698000_122699000	0.057143	68	-62000	2	0.053039032967033
chr6_122666000_122667000	chr6_122698000_122699000	0.057143	68	-32000	2	0.053039032967033
chr6_122771000_122772000	chr6_122698000_122699000	0.057143	68	73000	2	0.053039032967033
chr6_122606000_122607000	chr6_122698000_122699000	0.057143	68	-92000	2	0.053039032967033
chr6_122329000_122330000	chr6_122698000_122699000	0.055934	73	-369000	2	0.053039032967033
chr6_122610000_122611000	chr6_122698000_122699000	0.055698	74	-88000	2	0.053039032967033
chr6_122320000_122321000	chr6_122698000_122699000	0.05564	75	-378000	2	0.053039032967033
chr6_123696000_123697000	chr6_122698000_122699000	0.055427	76	998000	2	0.053039032967033
chr6_122716000_122717000	chr6_122698000_122699000	0.0551	77	18000	2	0.053039032967033
chr6_122344000_122345000	chr6_122698000_122699000	0.054267	78	-354000	2	0.053039032967033
chr6_122333000_122334000	chr6_122698000_122699000	0.052229	79	-365000	2	0.053039032967033
chr6_122785000_122786000	chr6_122698000_122699000	0.05043	80	87000	2	0.053039032967033
chr6_122471000_122472000	chr6_122698000_122699000	0.049498	81	-227000	2	0.053039032967033
chr6_122571000_122572000	chr6_122698000_122699000	0.043798	82	-127000	2	0.053039032967033
chr6_122989000_122990000	chr6_122698000_122699000	0.042201	83	291000	2	0.053039032967033
chr6_122505000_122506000	chr6_122698000_122699000	0.039796	84	-193000	2	0.053039032967033
chr6_123646000_123647000	chr6_122698000_122699000	0.039062	85	948000	2	0.053039032967033
chr6_122346000_122347000	chr6_122698000_122699000	0.037834	86	-352000	2	0.053039032967033
chr6_122337000_122338000	chr6_122698000_122699000	0.037382	87	-361000	2	0.053039032967033
chr6_122731000_122732000	chr6_122698000_122699000	0.037279	88	33000	2	0.053039032967033
chr6_122328000_122329000	chr6_122698000_122699000	0.036139	89	-370000	2	0.053039032967033
chr6_122591000_122592000	chr6_122698000_122699000	0.035625	90	-107000	2	0.053039032967033
chr6_122553000_122554000	chr6_122698000_122699000	0.032139	91	-145000	2	0.053039032967033
chr6_122486000_122487000	chr6_122698000_122699000	0.031759	92	-212000	2	0.053039032967033
chr6_122523000_122524000	chr6_122698000_122699000	0.031368	93	-175000	2	0.053039032967033
chr6_122402000_122403000	chr6_122698000_122699000	0.031112	94	-296000	2	0.053039032967033
chr6_122365000_122366000	chr6_122698000_122699000	0.03111	95	-333000	2	0.053039032967033
chr6_122743000_122744000	chr6_122698000_122699000	0.031103	96	45000	2	0.053039032967033
chr6_122554000_122555000	chr6_122698000_122699000	0.029642	97	-144000	2	0.053039032967033
chr6_123657000_123658000	chr6_122698000_122699000	0.029274	98	959000	2	0.053039032967033
chr6_122735000_122736000	chr6_122698000_122699000	0.028748	99	37000	2	0.053039032967033
chr6_122708000_122709000	chr6_122698000_122699000	0.028571	107.5	10000	2	0.053039032967033
chr6_122560000_122561000	chr6_122698000_122699000	0.028571	107.5	-138000	2	0.053039032967033
chr6_122602000_122603000	chr6_122698000_122699000	0.028571	107.5	-96000	2	0.053039032967033
chr6_122617000_122618000	chr6_122698000_122699000	0.028571	107.5	-81000	2	0.053039032967033
chr6_122392000_122393000	chr6_122698000_122699000	0.028571	107.5	-306000	2	0.053039032967033
chr6_122531000_122532000	chr6_122698000_122699000	0.028571	107.5	-167000	2	0.053039032967033
chr6_122545000_122546000	chr6_122698000_122699000	0.028571	107.5	-153000	2	0.053039032967033
chr6_122719000_122720000	chr6_122698000_122699000	0.028571	107.5	21000	2	0.053039032967033
chr6_122728000_122729000	chr6_122698000_122699000	0.028571	107.5	30000	2	0.053039032967033
chr6_122734000_122735000	chr6_122698000_122699000	0.028571	107.5	36000	2	0.053039032967033
chr6_122765000_122766000	chr6_122698000_122699000	0.028571	107.5	67000	2	0.053039032967033
chr6_122834000_122835000	chr6_122698000_122699000	0.028571	107.5	136000	2	0.053039032967033
chr6_123005000_123006000	chr6_122698000_122699000	0.028571	107.5	307000	2	0.053039032967033
chr6_122662000_122663000	chr6_122698000_122699000	0.028571	107.5	-36000	2	0.053039032967033
chr6_122703000_122704000	chr6_122698000_122699000	0.028571	107.5	5000	2	0.053039032967033
chr6_122824000_122825000	chr6_122698000_122699000	0.028571	107.5	126000	2	0.053039032967033
chr6_122768000_122769000	chr6_122698000_122699000	0.028526	116	70000	2	0.053039032967033
chr6_122338000_122339000	chr6_122698000_122699000	0.026476	117	-360000	2	0.053039032967033
chr6_122608000_122609000	chr6_122698000_122699000	0.026378	118	-90000	2	0.053039032967033
chr6_122627000_122628000	chr6_122698000_122699000	0.024488	119	-71000	2	0.053039032967033
chr6_122709000_122710000	chr6_122698000_122699000	0.023077	120	11000	2	0.053039032967033
chr6_122528000_122529000	chr6_122698000_122699000	0.022229	121	-170000	2	0.053039032967033
chr6_122730000_122731000	chr6_122698000_122699000	0.021708	122	32000	2	0.053039032967033
chr6_122770000_122771000	chr6_122698000_122699000	0.019697	123	72000	2	0.053039032967033
chr6_122308000_122309000	chr6_122698000_122699000	0.019532	124	-390000	2	0.053039032967033
chr6_122660000_122661000	chr6_122698000_122699000	0.015803	125	-38000	2	0.053039032967033
chr6_122369000_122370000	chr6_122698000_122699000	0.014167	126	-329000	3	-0.0218840967741936
chr6_122640000_122641000	chr6_122698000_122699000	0.012921	127	-58000	3	-0.0218840967741936
chr6_122767000_122768000	chr6_122698000_122699000	0.010154	128	69000	3	-0.0218840967741936
chr6_122494000_122495000	chr6_122698000_122699000	0.007842	129	-204000	3	-0.0218840967741936
chr6_122694000_122695000	chr6_122698000_122699000	0.00685	130	-4000	3	-0.0218840967741936
chr6_122661000_122662000	chr6_122698000_122699000	0.004682	131	-37000	3	-0.0218840967741936
chr6_122715000_122716000	chr6_122698000_122699000	0.004483	132	17000	3	-0.0218840967741936
chr6_122699000_122700000	chr6_122698000_122699000	0.002853	133	1000	3	-0.0218840967741936
chr6_123327000_123328000	chr6_122698000_122699000	0.000064	134	629000	3	-0.0218840967741936
chr6_122712000_122713000	chr6_122698000_122699000	0	148	14000	3	-0.0218840967741936
chr6_122633000_122634000	chr6_122698000_122699000	0	148	-65000	3	-0.0218840967741936
chr6_122726000_122727000	chr6_122698000_122699000	0	148	28000	3	-0.0218840967741936
chr6_122732000_122733000	chr6_122698000_122699000	0	148	34000	3	-0.0218840967741936
chr6_122513000_122514000	chr6_122698000_122699000	0	148	-185000	3	-0.0218840967741936
chr6_122570000_122571000	chr6_122698000_122699000	0	148	-128000	3	-0.0218840967741936
chr6_122605000_122606000	chr6_122698000_122699000	0	148	-93000	3	-0.0218840967741936
chr6_122669000_122670000	chr6_122698000_122699000	0	148	-29000	3	-0.0218840967741936
chr6_122670000_122671000	chr6_122698000_122699000	0	148	-28000	3	-0.0218840967741936
chr6_122686000_122687000	chr6_122698000_122699000	0	148	-12000	3	-0.0218840967741936
chr6_122689000_122690000	chr6_122698000_122699000	0	148	-9000	3	-0.0218840967741936
chr6_122741000_122742000	chr6_122698000_122699000	0	148	43000	3	-0.0218840967741936
chr6_122762000_122763000	chr6_122698000_122699000	0	148	64000	3	-0.0218840967741936
chr6_122764000_122765000	chr6_122698000_122699000	0	148	66000	3	-0.0218840967741936
chr6_122769000_122770000	chr6_122698000_122699000	0	148	71000	3	-0.0218840967741936
chr6_122782000_122783000	chr6_122698000_122699000	0	148	84000	3	-0.0218840967741936
chr6_122795000_122796000	chr6_122698000_122699000	0	148	97000	3	-0.0218840967741936
chr6_122804000_122805000	chr6_122698000_122699000	0	148	106000	3	-0.0218840967741936
chr6_122819000_122820000	chr6_122698000_122699000	0	148	121000	3	-0.0218840967741936
chr6_122820000_122821000	chr6_122698000_122699000	0	148	122000	3	-0.0218840967741936
chr6_122825000_122826000	chr6_122698000_122699000	0	148	127000	3	-0.0218840967741936
chr6_122833000_122834000	chr6_122698000_122699000	0	148	135000	3	-0.0218840967741936
chr6_122870000_122871000	chr6_122698000_122699000	0	148	172000	3	-0.0218840967741936
chr6_122874000_122875000	chr6_122698000_122699000	0	148	176000	3	-0.0218840967741936
chr6_122935000_122936000	chr6_122698000_122699000	0	148	237000	3	-0.0218840967741936
chr6_122786000_122787000	chr6_122698000_122699000	0	148	88000	3	-0.0218840967741936
chr6_123647000_123648000	chr6_122698000_122699000	0	148	949000	3	-0.0218840967741936
chr6_122609000_122610000	chr6_122698000_122699000	-0.002312	162	-89000	3	-0.0218840967741936
chr6_123340000_123341000	chr6_122698000_122699000	-0.00529	163	642000	3	-0.0218840967741936
chr6_122773000_122774000	chr6_122698000_122699000	-0.005676	164	75000	3	-0.0218840967741936
chr6_122607000_122608000	chr6_122698000_122699000	-0.008276	165	-91000	3	-0.0218840967741936
chr6_122759000_122760000	chr6_122698000_122699000	-0.009465	166	61000	3	-0.0218840967741936
chr6_122713000_122714000	chr6_122698000_122699000	-0.010268	167	15000	3	-0.0218840967741936
chr6_122632000_122633000	chr6_122698000_122699000	-0.015304	168	-66000	3	-0.0218840967741936
chr6_122737000_122738000	chr6_122698000_122699000	-0.022994	169	39000	3	-0.0218840967741936
chr6_122297000_122298000	chr6_122698000_122699000	-0.024001	170	-401000	3	-0.0218840967741936
chr6_122309000_122310000	chr6_122698000_122699000	-0.028366	171	-389000	3	-0.0218840967741936
chr6_122882000_122883000	chr6_122698000_122699000	-0.028571	178	184000	3	-0.0218840967741936
chr6_122546000_122547000	chr6_122698000_122699000	-0.028571	178	-152000	3	-0.0218840967741936
chr6_122720000_122721000	chr6_122698000_122699000	-0.028571	178	22000	3	-0.0218840967741936
chr6_122869000_122870000	chr6_122698000_122699000	-0.028571	178	171000	3	-0.0218840967741936
chr6_122487000_122488000	chr6_122698000_122699000	-0.028571	178	-211000	3	-0.0218840967741936
chr6_122532000_122533000	chr6_122698000_122699000	-0.028571	178	-166000	3	-0.0218840967741936
chr6_122618000_122619000	chr6_122698000_122699000	-0.028571	178	-80000	3	-0.0218840967741936
chr6_122802000_122803000	chr6_122698000_122699000	-0.028571	178	104000	3	-0.0218840967741936
chr6_122856000_122857000	chr6_122698000_122699000	-0.028571	178	158000	3	-0.0218840967741936
chr6_122663000_122664000	chr6_122698000_122699000	-0.028571	178	-35000	3	-0.0218840967741936
chr6_122812000_122813000	chr6_122698000_122699000	-0.028571	178	114000	3	-0.0218840967741936
chr6_122826000_122827000	chr6_122698000_122699000	-0.028571	178	128000	3	-0.0218840967741936
chr6_122495000_122496000	chr6_122698000_122699000	-0.028571	178	-203000	3	-0.0218840967741936
chr6_122561000_122562000	chr6_122698000_122699000	-0.028781	185	-137000	3	-0.0218840967741936
chr6_122740000_122741000	chr6_122698000_122699000	-0.029482	186	42000	3	-0.0218840967741936
chr6_122875000_122876000	chr6_122698000_122699000	-0.030733	187	177000	3	-0.0218840967741936
chr6_122310000_122311000	chr6_122698000_122699000	-0.03207	188	-388000	3	-0.0218840967741936
chr6_122821000_122822000	chr6_122698000_122699000	-0.032842	189	123000	3	-0.0218840967741936
chr6_122345000_122346000	chr6_122698000_122699000	-0.032969	190	-353000	3	-0.0218840967741936
chr6_122600000_122601000	chr6_122698000_122699000	-0.033331	191	-98000	3	-0.0218840967741936
chr6_122706000_122707000	chr6_122698000_122699000	-0.034958	192	8000	3	-0.0218840967741936
chr6_122318000_122319000	chr6_122698000_122699000	-0.037737	193	-380000	3	-0.0218840967741936
chr6_122126000_122127000	chr6_122698000_122699000	-0.037738	194	-572000	3	-0.0218840967741936
chr6_122496000_122497000	chr6_122698000_122699000	-0.039154	195	-202000	3	-0.0218840967741936
chr6_122739000_122740000	chr6_122698000_122699000	-0.039199	196	41000	3	-0.0218840967741936
chr6_122340000_122341000	chr6_122698000_122699000	-0.039363	197	-358000	3	-0.0218840967741936
chr6_122690000_122691000	chr6_122698000_122699000	-0.040216	198	-8000	3	-0.0218840967741936
chr6_122742000_122743000	chr6_122698000_122699000	-0.040258	199	44000	3	-0.0218840967741936
chr6_122702000_122703000	chr6_122698000_122699000	-0.040401	200	4000	3	-0.0218840967741936
chr6_122811000_122812000	chr6_122698000_122699000	-0.041263	201	113000	3	-0.0218840967741936
chr6_122664000_122665000	chr6_122698000_122699000	-0.043043	202	-34000	3	-0.0218840967741936
chr6_122312000_122313000	chr6_122698000_122699000	-0.044443	203	-386000	3	-0.0218840967741936
chr6_122565000_122566000	chr6_122698000_122699000	-0.047018	204	-133000	3	-0.0218840967741936
chr6_122760000_122761000	chr6_122698000_122699000	-0.047486	205	62000	3	-0.0218840967741936
chr6_122368000_122369000	chr6_122698000_122699000	-0.049937	206	-330000	3	-0.0218840967741936
chr6_122801000_122802000	chr6_122698000_122699000	-0.053982	207	103000	3	-0.0218840967741936
chr6_122766000_122767000	chr6_122698000_122699000	-0.055631	208	68000	3	-0.0218840967741936
chr6_122595000_122596000	chr6_122698000_122699000	-0.057143	210.5	-103000	3	-0.0218840967741936
chr6_122892000_122893000	chr6_122698000_122699000	-0.057143	210.5	194000	3	-0.0218840967741936
chr6_122758000_122759000	chr6_122698000_122699000	-0.057143	210.5	60000	3	-0.0218840967741936
chr6_122593000_122594000	chr6_122698000_122699000	-0.057143	210.5	-105000	3	-0.0218840967741936
chr6_122761000_122762000	chr6_122698000_122699000	-0.057864	213	63000	3	-0.0218840967741936
chr6_122322000_122323000	chr6_122698000_122699000	-0.06106	214	-376000	3	-0.0218840967741936
chr6_122598000_122599000	chr6_122698000_122699000	-0.063459	215	-100000	3	-0.0218840967741936
chr6_122332000_122333000	chr6_122698000_122699000	-0.06556	216	-366000	3	-0.0218840967741936
chr6_122339000_122340000	chr6_122698000_122699000	-0.081598	217	-359000	3	-0.0218840967741936
chr6_122557000_122558000	chr6_122698000_122699000	-0.085714	218	-141000	3	-0.0218840967741936
