interact_region	promoter_region	pred	RF_rank	distance	kmeans	clustmean
chr6_122628000_122629000	chr6_122627000_122628000	0.4083	1	1000	1	0.161700025
chr6_122605000_122606000	chr6_122627000_122628000	0.34892	2	-22000	1	0.161700025
chr6_122522000_122523000	chr6_122627000_122628000	0.253251	3	-105000	1	0.161700025
chr6_122523000_122524000	chr6_122627000_122628000	0.223364	4	-104000	1	0.161700025
chr6_122317000_122318000	chr6_122627000_122628000	0.188488	5	-310000	1	0.161700025
chr6_122690000_122691000	chr6_122627000_122628000	0.185319	6	63000	1	0.161700025
chr6_122533000_122534000	chr6_122627000_122628000	0.183768	7	-94000	1	0.161700025
chr6_122802000_122803000	chr6_122627000_122628000	0.178961	8	175000	1	0.161700025
chr6_122304000_122305000	chr6_122627000_122628000	0.17893	9	-323000	1	0.161700025
chr6_122463000_122464000	chr6_122627000_122628000	0.178083	10	-164000	1	0.161700025
chr6_122343000_122344000	chr6_122627000_122628000	0.174432	11	-284000	1	0.161700025
chr6_122341000_122342000	chr6_122627000_122628000	0.172232	12	-286000	1	0.161700025
chr6_122610000_122611000	chr6_122627000_122628000	0.170455	13	-17000	1	0.161700025
chr6_122126000_122127000	chr6_122627000_122628000	0.16746	14	-501000	1	0.161700025
chr6_122318000_122319000	chr6_122627000_122628000	0.159927	15	-309000	1	0.161700025
chr6_122626000_122627000	chr6_122627000_122628000	0.159454	16	-1000	1	0.161700025
chr6_123328000_123329000	chr6_122627000_122628000	0.152379	17	701000	1	0.161700025
chr6_122561000_122562000	chr6_122627000_122628000	0.151825	18	-66000	1	0.161700025
chr6_122784000_122785000	chr6_122627000_122628000	0.150927	19	157000	1	0.161700025
chr6_122828000_122829000	chr6_122627000_122628000	0.150459	20	201000	1	0.161700025
chr6_122297000_122298000	chr6_122627000_122628000	0.143323	21	-330000	1	0.161700025
chr6_122745000_122746000	chr6_122627000_122628000	0.141604	22	118000	1	0.161700025
chr6_122391000_122392000	chr6_122627000_122628000	0.138836	23	-236000	1	0.161700025
chr6_122365000_122366000	chr6_122627000_122628000	0.137512	24	-262000	1	0.161700025
chr6_122606000_122607000	chr6_122627000_122628000	0.13496	25	-21000	1	0.161700025
chr6_122486000_122487000	chr6_122627000_122628000	0.132871	26	-141000	1	0.161700025
chr6_122729000_122730000	chr6_122627000_122628000	0.132378	27	102000	1	0.161700025
chr6_122820000_122821000	chr6_122627000_122628000	0.130424	28	193000	1	0.161700025
chr6_122366000_122367000	chr6_122627000_122628000	0.130376	29	-261000	1	0.161700025
chr6_122332000_122333000	chr6_122627000_122628000	0.126635	30	-295000	1	0.161700025
chr6_122608000_122609000	chr6_122627000_122628000	0.125304	31	-19000	1	0.161700025
chr6_122298000_122299000	chr6_122627000_122628000	0.12445	32	-329000	1	0.161700025
chr6_122659000_122660000	chr6_122627000_122628000	0.122507	33	32000	1	0.161700025
chr6_122633000_122634000	chr6_122627000_122628000	0.120032	34	6000	1	0.161700025
chr6_122329000_122330000	chr6_122627000_122628000	0.119792	35	-298000	1	0.161700025
chr6_122740000_122741000	chr6_122627000_122628000	0.116756	36	113000	1	0.161700025
chr6_122521000_122522000	chr6_122627000_122628000	0.113764	37	-106000	1	0.161700025
chr6_122487000_122488000	chr6_122627000_122628000	0.113266	38	-140000	1	0.161700025
chr6_122744000_122745000	chr6_122627000_122628000	0.113156	39	117000	1	0.161700025
chr6_122670000_122671000	chr6_122627000_122628000	0.113121	40	43000	1	0.161700025
chr6_122734000_122735000	chr6_122627000_122628000	0.107327	41	107000	2	0.0582875909090909
chr6_122342000_122343000	chr6_122627000_122628000	0.105794	42	-285000	2	0.0582875909090909
chr6_122347000_122348000	chr6_122627000_122628000	0.104775	43	-280000	2	0.0582875909090909
chr6_122340000_122341000	chr6_122627000_122628000	0.104571	44	-287000	2	0.0582875909090909
chr6_122314000_122315000	chr6_122627000_122628000	0.101805	45	-313000	2	0.0582875909090909
chr6_122785000_122786000	chr6_122627000_122628000	0.099865	46	158000	2	0.0582875909090909
chr6_122669000_122670000	chr6_122627000_122628000	0.098977	47	42000	2	0.0582875909090909
chr6_122614000_122615000	chr6_122627000_122628000	0.098843	48	-13000	2	0.0582875909090909
chr6_122531000_122532000	chr6_122627000_122628000	0.097185	49	-96000	2	0.0582875909090909
chr6_122591000_122592000	chr6_122627000_122628000	0.096953	50	-36000	2	0.0582875909090909
chr6_122258000_122259000	chr6_122627000_122628000	0.096775	51	-369000	2	0.0582875909090909
chr6_122392000_122393000	chr6_122627000_122628000	0.09606	52	-235000	2	0.0582875909090909
chr6_122345000_122346000	chr6_122627000_122628000	0.095039	53	-282000	2	0.0582875909090909
chr6_122313000_122314000	chr6_122627000_122628000	0.092684	54	-314000	2	0.0582875909090909
chr6_122834000_122835000	chr6_122627000_122628000	0.092517	55	207000	2	0.0582875909090909
chr6_122471000_122472000	chr6_122627000_122628000	0.092169	56	-156000	2	0.0582875909090909
chr6_122553000_122554000	chr6_122627000_122628000	0.0911	57	-74000	2	0.0582875909090909
chr6_122309000_122310000	chr6_122627000_122628000	0.084896	58	-318000	2	0.0582875909090909
chr6_122607000_122608000	chr6_122627000_122628000	0.083329	59	-20000	2	0.0582875909090909
chr6_122689000_122690000	chr6_122627000_122628000	0.07994	60	62000	2	0.0582875909090909
chr6_122653000_122654000	chr6_122627000_122628000	0.077243	61	26000	2	0.0582875909090909
chr6_122727000_122728000	chr6_122627000_122628000	0.07711	62	100000	2	0.0582875909090909
chr6_122737000_122738000	chr6_122627000_122628000	0.07684	63	110000	2	0.0582875909090909
chr6_122346000_122347000	chr6_122627000_122628000	0.076753	64	-281000	2	0.0582875909090909
chr6_122696000_122697000	chr6_122627000_122628000	0.076738	65	69000	2	0.0582875909090909
chr6_122356000_122357000	chr6_122627000_122628000	0.0716	66	-271000	2	0.0582875909090909
chr6_122760000_122761000	chr6_122627000_122628000	0.071222	67	133000	2	0.0582875909090909
chr6_122554000_122555000	chr6_122627000_122628000	0.070769	68	-73000	2	0.0582875909090909
chr6_122732000_122733000	chr6_122627000_122628000	0.069292	69	105000	2	0.0582875909090909
chr6_122883000_122884000	chr6_122627000_122628000	0.068695	70	256000	2	0.0582875909090909
chr6_123340000_123341000	chr6_122627000_122628000	0.067997	71	713000	2	0.0582875909090909
chr6_122492000_122493000	chr6_122627000_122628000	0.066656	72	-135000	2	0.0582875909090909
chr6_122323000_122324000	chr6_122627000_122628000	0.065278	73	-304000	2	0.0582875909090909
chr6_122713000_122714000	chr6_122627000_122628000	0.063591	74	86000	2	0.0582875909090909
chr6_122545000_122546000	chr6_122627000_122628000	0.063534	75	-82000	2	0.0582875909090909
chr6_123137000_123138000	chr6_122627000_122628000	0.062821	76	510000	2	0.0582875909090909
chr6_122532000_122533000	chr6_122627000_122628000	0.062248	77	-95000	2	0.0582875909090909
chr6_122882000_122883000	chr6_122627000_122628000	0.05909	78	255000	2	0.0582875909090909
chr6_123332000_123333000	chr6_122627000_122628000	0.057143	82	705000	2	0.0582875909090909
chr6_122663000_122664000	chr6_122627000_122628000	0.057143	82	36000	2	0.0582875909090909
chr6_122726000_122727000	chr6_122627000_122628000	0.057143	82	99000	2	0.0582875909090909
chr6_122743000_122744000	chr6_122627000_122628000	0.057143	82	116000	2	0.0582875909090909
chr6_122698000_122699000	chr6_122627000_122628000	0.057143	82	71000	2	0.0582875909090909
chr6_122712000_122713000	chr6_122627000_122628000	0.057143	82	85000	2	0.0582875909090909
chr6_122767000_122768000	chr6_122627000_122628000	0.057143	82	140000	2	0.0582875909090909
chr6_122295000_122296000	chr6_122627000_122628000	0.056712	86	-332000	2	0.0582875909090909
chr6_122763000_122764000	chr6_122627000_122628000	0.053221	87	136000	2	0.0582875909090909
chr6_122528000_122529000	chr6_122627000_122628000	0.052641	88	-99000	2	0.0582875909090909
chr6_122661000_122662000	chr6_122627000_122628000	0.051931	89	34000	2	0.0582875909090909
chr6_122731000_122732000	chr6_122627000_122628000	0.051049	90	104000	2	0.0582875909090909
chr6_122367000_122368000	chr6_122627000_122628000	0.050135	91	-260000	2	0.0582875909090909
chr6_122316000_122317000	chr6_122627000_122628000	0.049918	92	-311000	2	0.0582875909090909
chr6_123004000_123005000	chr6_122627000_122628000	0.049403	93	377000	2	0.0582875909090909
chr6_122469000_122470000	chr6_122627000_122628000	0.048198	94	-158000	2	0.0582875909090909
chr6_122393000_122394000	chr6_122627000_122628000	0.04716	95	-234000	2	0.0582875909090909
chr6_122769000_122770000	chr6_122627000_122628000	0.045173	96	142000	2	0.0582875909090909
chr6_122315000_122316000	chr6_122627000_122628000	0.042905	97	-312000	2	0.0582875909090909
chr6_122312000_122313000	chr6_122627000_122628000	0.04062	98	-315000	2	0.0582875909090909
chr6_122702000_122703000	chr6_122627000_122628000	0.040285	99	75000	2	0.0582875909090909
chr6_122766000_122767000	chr6_122627000_122628000	0.040205	100	139000	2	0.0582875909090909
chr6_122491000_122492000	chr6_122627000_122628000	0.039595	101	-136000	2	0.0582875909090909
chr6_122505000_122506000	chr6_122627000_122628000	0.039275	102	-122000	2	0.0582875909090909
chr6_122339000_122340000	chr6_122627000_122628000	0.036201	103	-288000	2	0.0582875909090909
chr6_122319000_122320000	chr6_122627000_122628000	0.035803	104	-308000	2	0.0582875909090909
chr6_122321000_122322000	chr6_122627000_122628000	0.035139	105	-306000	2	0.0582875909090909
chr6_122719000_122720000	chr6_122627000_122628000	0.032498	106	92000	2	0.0582875909090909
chr6_122333000_122334000	chr6_122627000_122628000	0.032359	107	-294000	2	0.0582875909090909
chr6_122259000_122260000	chr6_122627000_122628000	0.028904	108	-368000	2	0.0582875909090909
chr6_122496000_122497000	chr6_122627000_122628000	0.028571	116	-131000	2	0.0582875909090909
chr6_122598000_122599000	chr6_122627000_122628000	0.028571	116	-29000	2	0.0582875909090909
chr6_122635000_122636000	chr6_122627000_122628000	0.028571	116	8000	2	0.0582875909090909
chr6_122739000_122740000	chr6_122627000_122628000	0.028571	116	112000	2	0.0582875909090909
chr6_122758000_122759000	chr6_122627000_122628000	0.028571	116	131000	2	0.0582875909090909
chr6_122795000_122796000	chr6_122627000_122628000	0.028571	116	168000	2	0.0582875909090909
chr6_122694000_122695000	chr6_122627000_122628000	0.028571	116	67000	2	0.0582875909090909
chr6_122762000_122763000	chr6_122627000_122628000	0.028571	116	135000	2	0.0582875909090909
chr6_122765000_122766000	chr6_122627000_122628000	0.028571	116	138000	2	0.0582875909090909
chr6_122825000_122826000	chr6_122627000_122628000	0.028571	116	198000	2	0.0582875909090909
chr6_122856000_122857000	chr6_122627000_122628000	0.028571	116	229000	2	0.0582875909090909
chr6_122892000_122893000	chr6_122627000_122628000	0.028571	116	265000	2	0.0582875909090909
chr6_122703000_122704000	chr6_122627000_122628000	0.028571	116	76000	2	0.0582875909090909
chr6_122715000_122716000	chr6_122627000_122628000	0.028571	116	88000	2	0.0582875909090909
chr6_122761000_122762000	chr6_122627000_122628000	0.028571	116	134000	2	0.0582875909090909
chr6_122355000_122356000	chr6_122627000_122628000	0.028311	124	-272000	2	0.0582875909090909
chr6_122662000_122663000	chr6_122627000_122628000	0.027755	125	35000	2	0.0582875909090909
chr6_122495000_122496000	chr6_122627000_122628000	0.026992	126	-132000	2	0.0582875909090909
chr6_122706000_122707000	chr6_122627000_122628000	0.025341	127	79000	2	0.0582875909090909
chr6_122768000_122769000	chr6_122627000_122628000	0.024932	128	141000	2	0.0582875909090909
chr6_122874000_122875000	chr6_122627000_122628000	0.021385	129	247000	3	-0.0150051627906977
chr6_122485000_122486000	chr6_122627000_122628000	0.020543	130	-142000	3	-0.0150051627906977
chr6_122780000_122781000	chr6_122627000_122628000	0.019954	131	153000	3	-0.0150051627906977
chr6_122334000_122335000	chr6_122627000_122628000	0.018586	132	-293000	3	-0.0150051627906977
chr6_122735000_122736000	chr6_122627000_122628000	0.01844	133	108000	3	-0.0150051627906977
chr6_121636000_121637000	chr6_122627000_122628000	0.017466	134	-991000	3	-0.0150051627906977
chr6_122600000_122601000	chr6_122627000_122628000	0.017459	135	-27000	3	-0.0150051627906977
chr6_122804000_122805000	chr6_122627000_122628000	0.017409	136	177000	3	-0.0150051627906977
chr6_122989000_122990000	chr6_122627000_122628000	0.016317	137	362000	3	-0.0150051627906977
chr6_122308000_122309000	chr6_122627000_122628000	0.013278	138	-319000	3	-0.0150051627906977
chr6_122609000_122610000	chr6_122627000_122628000	0.008221	139	-18000	3	-0.0150051627906977
chr6_122378000_122379000	chr6_122627000_122628000	0.007363	140	-249000	3	-0.0150051627906977
chr6_122328000_122329000	chr6_122627000_122628000	0.003939	141	-299000	3	-0.0150051627906977
chr6_122801000_122802000	chr6_122627000_122628000	0.002199	142	174000	3	-0.0150051627906977
chr6_122557000_122558000	chr6_122627000_122628000	0.001662	143	-70000	3	-0.0150051627906977
chr6_122811000_122812000	chr6_122627000_122628000	0.000886	144	184000	3	-0.0150051627906977
chr6_122773000_122774000	chr6_122627000_122628000	0.000648	145	146000	3	-0.0150051627906977
chr6_122546000_122547000	chr6_122627000_122628000	0.000232	146	-81000	3	-0.0150051627906977
chr6_122764000_122765000	chr6_122627000_122628000	0	156.5	137000	3	-0.0150051627906977
chr6_122325000_122326000	chr6_122627000_122628000	0	156.5	-302000	3	-0.0150051627906977
chr6_122593000_122594000	chr6_122627000_122628000	0	156.5	-34000	3	-0.0150051627906977
chr6_122571000_122572000	chr6_122627000_122628000	0	156.5	-56000	3	-0.0150051627906977
chr6_122602000_122603000	chr6_122627000_122628000	0	156.5	-25000	3	-0.0150051627906977
chr6_122618000_122619000	chr6_122627000_122628000	0	156.5	-9000	3	-0.0150051627906977
chr6_122666000_122667000	chr6_122627000_122628000	0	156.5	39000	3	-0.0150051627906977
chr6_122667000_122668000	chr6_122627000_122628000	0	156.5	40000	3	-0.0150051627906977
chr6_122709000_122710000	chr6_122627000_122628000	0	156.5	82000	3	-0.0150051627906977
chr6_122772000_122773000	chr6_122627000_122628000	0	156.5	145000	3	-0.0150051627906977
chr6_122821000_122822000	chr6_122627000_122628000	0	156.5	194000	3	-0.0150051627906977
chr6_122824000_122825000	chr6_122627000_122628000	0	156.5	197000	3	-0.0150051627906977
chr6_122833000_122834000	chr6_122627000_122628000	0	156.5	206000	3	-0.0150051627906977
chr6_122869000_122870000	chr6_122627000_122628000	0	156.5	242000	3	-0.0150051627906977
chr6_122870000_122871000	chr6_122627000_122628000	0	156.5	243000	3	-0.0150051627906977
chr6_122875000_122876000	chr6_122627000_122628000	0	156.5	248000	3	-0.0150051627906977
chr6_123005000_123006000	chr6_122627000_122628000	0	156.5	378000	3	-0.0150051627906977
chr6_122335000_122336000	chr6_122627000_122628000	0	156.5	-292000	3	-0.0150051627906977
chr6_122730000_122731000	chr6_122627000_122628000	0	156.5	103000	3	-0.0150051627906977
chr6_122770000_122771000	chr6_122627000_122628000	0	156.5	143000	3	-0.0150051627906977
chr6_122812000_122813000	chr6_122627000_122628000	-0.002005	167	185000	3	-0.0150051627906977
chr6_122570000_122571000	chr6_122627000_122628000	-0.002261	168	-57000	3	-0.0150051627906977
chr6_122369000_122370000	chr6_122627000_122628000	-0.002296	169	-258000	3	-0.0150051627906977
chr6_122402000_122403000	chr6_122627000_122628000	-0.003142	170	-225000	3	-0.0150051627906977
chr6_123327000_123328000	chr6_122627000_122628000	-0.003853	171	700000	3	-0.0150051627906977
chr6_122716000_122717000	chr6_122627000_122628000	-0.006262	172	89000	3	-0.0150051627906977
chr6_122305000_122306000	chr6_122627000_122628000	-0.006544	173	-322000	3	-0.0150051627906977
chr6_122632000_122633000	chr6_122627000_122628000	-0.007129	174	5000	3	-0.0150051627906977
chr6_122826000_122827000	chr6_122627000_122628000	-0.007892	175	199000	3	-0.0150051627906977
chr6_122439000_122440000	chr6_122627000_122628000	-0.008425	176	-188000	3	-0.0150051627906977
chr6_122728000_122729000	chr6_122627000_122628000	-0.010475	177	101000	3	-0.0150051627906977
chr6_122322000_122323000	chr6_122627000_122628000	-0.011442	178	-305000	3	-0.0150051627906977
chr6_122624000_122625000	chr6_122627000_122628000	-0.011687	179	-3000	3	-0.0150051627906977
chr6_122617000_122618000	chr6_122627000_122628000	-0.013	180	-10000	3	-0.0150051627906977
chr6_122664000_122665000	chr6_122627000_122628000	-0.015002	181	37000	3	-0.0150051627906977
chr6_122720000_122721000	chr6_122627000_122628000	-0.01905	182	93000	3	-0.0150051627906977
chr6_122640000_122641000	chr6_122627000_122628000	-0.021282	183	13000	3	-0.0150051627906977
chr6_122560000_122561000	chr6_122627000_122628000	-0.027012	184	-67000	3	-0.0150051627906977
chr6_122336000_122337000	chr6_122627000_122628000	-0.027079	185	-291000	3	-0.0150051627906977
chr6_122562000_122563000	chr6_122627000_122628000	-0.028571	190	-65000	3	-0.0150051627906977
chr6_122810000_122811000	chr6_122627000_122628000	-0.028571	190	183000	3	-0.0150051627906977
chr6_122331000_122332000	chr6_122627000_122628000	-0.028571	190	-296000	3	-0.0150051627906977
chr6_122565000_122566000	chr6_122627000_122628000	-0.028571	190	-62000	3	-0.0150051627906977
chr6_122708000_122709000	chr6_122627000_122628000	-0.028571	190	81000	3	-0.0150051627906977
chr6_122741000_122742000	chr6_122627000_122628000	-0.028571	190	114000	3	-0.0150051627906977
chr6_122742000_122743000	chr6_122627000_122628000	-0.028571	190	115000	3	-0.0150051627906977
chr6_122759000_122760000	chr6_122627000_122628000	-0.028571	190	132000	3	-0.0150051627906977
chr6_123138000_123139000	chr6_122627000_122628000	-0.028571	190	511000	3	-0.0150051627906977
chr6_122771000_122772000	chr6_122627000_122628000	-0.029065	195	144000	3	-0.0150051627906977
chr6_122368000_122369000	chr6_122627000_122628000	-0.0298	196	-259000	3	-0.0150051627906977
chr6_122320000_122321000	chr6_122627000_122628000	-0.030536	197	-307000	3	-0.0150051627906977
chr6_122819000_122820000	chr6_122627000_122628000	-0.0355	198	192000	3	-0.0150051627906977
chr6_122660000_122661000	chr6_122627000_122628000	-0.039107	199	33000	3	-0.0150051627906977
chr6_122935000_122936000	chr6_122627000_122628000	-0.041623	200	308000	3	-0.0150051627906977
chr6_122636000_122637000	chr6_122627000_122628000	-0.041996	201	9000	3	-0.0150051627906977
chr6_122595000_122596000	chr6_122627000_122628000	-0.042374	202	-32000	3	-0.0150051627906977
chr6_122338000_122339000	chr6_122627000_122628000	-0.04339	203	-289000	3	-0.0150051627906977
chr6_122310000_122311000	chr6_122627000_122628000	-0.044407	204	-317000	3	-0.0150051627906977
chr6_122686000_122687000	chr6_122627000_122628000	-0.057143	206	59000	3	-0.0150051627906977
chr6_122782000_122783000	chr6_122627000_122628000	-0.057143	206	155000	3	-0.0150051627906977
chr6_122786000_122787000	chr6_122627000_122628000	-0.057143	206	159000	3	-0.0150051627906977
chr6_122699000_122700000	chr6_122627000_122628000	-0.057399	208	72000	3	-0.0150051627906977
chr6_122513000_122514000	chr6_122627000_122628000	-0.058417	209	-114000	3	-0.0150051627906977
chr6_122344000_122345000	chr6_122627000_122628000	-0.067599	210	-283000	3	-0.0150051627906977
chr6_122337000_122338000	chr6_122627000_122628000	-0.069374	211	-290000	3	-0.0150051627906977
chr6_122494000_122495000	chr6_122627000_122628000	-0.071716	212	-133000	3	-0.0150051627906977
chr6_122625000_122626000	chr6_122627000_122628000	-0.074008	213	-2000	3	-0.0150051627906977
chr6_122707000_122708000	chr6_122627000_122628000	-0.085714	214	80000	3	-0.0150051627906977
