interact_region	promoter_region	pred	RF_rank	distance	kmeans	clustmean
chr6_122605000_122606000	chr6_122734000_122735000	0.290749	1	-129000	1	0.167210368421053
chr6_122727000_122728000	chr6_122734000_122735000	0.282248	2	-7000	1	0.167210368421053
chr6_122744000_122745000	chr6_122734000_122735000	0.256985	3	10000	1	0.167210368421053
chr6_122728000_122729000	chr6_122734000_122735000	0.247676	4	-6000	1	0.167210368421053
chr6_122726000_122727000	chr6_122734000_122735000	0.241993	5	-8000	1	0.167210368421053
chr6_122347000_122348000	chr6_122734000_122735000	0.224604	6	-387000	1	0.167210368421053
chr6_122632000_122633000	chr6_122734000_122735000	0.221309	7	-102000	1	0.167210368421053
chr6_122628000_122629000	chr6_122734000_122735000	0.202324	8	-106000	1	0.167210368421053
chr6_122737000_122738000	chr6_122734000_122735000	0.200351	9	3000	1	0.167210368421053
chr6_122295000_122296000	chr6_122734000_122735000	0.19156	10	-439000	1	0.167210368421053
chr6_122715000_122716000	chr6_122734000_122735000	0.188119	11	-19000	1	0.167210368421053
chr6_122528000_122529000	chr6_122734000_122735000	0.184519	12	-206000	1	0.167210368421053
chr6_122356000_122357000	chr6_122734000_122735000	0.181622	13	-378000	1	0.167210368421053
chr6_122624000_122625000	chr6_122734000_122735000	0.177315	14	-110000	1	0.167210368421053
chr6_122463000_122464000	chr6_122734000_122735000	0.171279	15	-271000	1	0.167210368421053
chr6_122606000_122607000	chr6_122734000_122735000	0.160821	16	-128000	1	0.167210368421053
chr6_122323000_122324000	chr6_122734000_122735000	0.155607	17	-411000	1	0.167210368421053
chr6_122626000_122627000	chr6_122734000_122735000	0.152917	18	-108000	1	0.167210368421053
chr6_122707000_122708000	chr6_122734000_122735000	0.152627	19	-27000	1	0.167210368421053
chr6_122729000_122730000	chr6_122734000_122735000	0.152193	20	-5000	1	0.167210368421053
chr6_122339000_122340000	chr6_122734000_122735000	0.149495	21	-395000	1	0.167210368421053
chr6_122471000_122472000	chr6_122734000_122735000	0.149144	22	-263000	1	0.167210368421053
chr6_122522000_122523000	chr6_122734000_122735000	0.14791	23	-212000	1	0.167210368421053
chr6_122627000_122628000	chr6_122734000_122735000	0.146031	24	-107000	1	0.167210368421053
chr6_122328000_122329000	chr6_122734000_122735000	0.14467	25	-406000	1	0.167210368421053
chr6_122732000_122733000	chr6_122734000_122735000	0.142208	26	-2000	1	0.167210368421053
chr6_122743000_122744000	chr6_122734000_122735000	0.131439	27	9000	1	0.167210368421053
chr6_122533000_122534000	chr6_122734000_122735000	0.12778	28	-201000	1	0.167210368421053
chr6_122768000_122769000	chr6_122734000_122735000	0.126812	29	34000	1	0.167210368421053
chr6_122664000_122665000	chr6_122734000_122735000	0.12229	30	-70000	1	0.167210368421053
chr6_122636000_122637000	chr6_122734000_122735000	0.119551	31	-98000	1	0.167210368421053
chr6_122318000_122319000	chr6_122734000_122735000	0.11937	32	-416000	1	0.167210368421053
chr6_122739000_122740000	chr6_122734000_122735000	0.118443	33	5000	1	0.167210368421053
chr6_122491000_122492000	chr6_122734000_122735000	0.116208	34	-243000	1	0.167210368421053
chr6_122355000_122356000	chr6_122734000_122735000	0.114662	35	-379000	1	0.167210368421053
chr6_122767000_122768000	chr6_122734000_122735000	0.114286	36	33000	1	0.167210368421053
chr6_122298000_122299000	chr6_122734000_122735000	0.113575	37	-436000	1	0.167210368421053
chr6_122341000_122342000	chr6_122734000_122735000	0.113302	38	-393000	1	0.167210368421053
chr6_122523000_122524000	chr6_122734000_122735000	0.107964	39	-211000	2	0.0520614756097561
chr6_123137000_123138000	chr6_122734000_122735000	0.106666	40	403000	2	0.0520614756097561
chr6_122343000_122344000	chr6_122734000_122735000	0.104431	41	-391000	2	0.0520614756097561
chr6_122391000_122392000	chr6_122734000_122735000	0.098027	42	-343000	2	0.0520614756097561
chr6_122820000_122821000	chr6_122734000_122735000	0.097849	43	86000	2	0.0520614756097561
chr6_122763000_122764000	chr6_122734000_122735000	0.096495	44	29000	2	0.0520614756097561
chr6_122609000_122610000	chr6_122734000_122735000	0.095159	45	-125000	2	0.0520614756097561
chr6_122730000_122731000	chr6_122734000_122735000	0.093301	46	-4000	2	0.0520614756097561
chr6_122828000_122829000	chr6_122734000_122735000	0.093028	47	94000	2	0.0520614756097561
chr6_122591000_122592000	chr6_122734000_122735000	0.091356	48	-143000	2	0.0520614756097561
chr6_122731000_122732000	chr6_122734000_122735000	0.091123	49	-3000	2	0.0520614756097561
chr6_122698000_122699000	chr6_122734000_122735000	0.086481	50	-36000	2	0.0520614756097561
chr6_122367000_122368000	chr6_122734000_122735000	0.086185	51	-367000	2	0.0520614756097561
chr6_122554000_122555000	chr6_122734000_122735000	0.085714	52.5	-180000	2	0.0520614756097561
chr6_122699000_122700000	chr6_122734000_122735000	0.085714	52.5	-35000	2	0.0520614756097561
chr6_123646000_123647000	chr6_122734000_122735000	0.08369	54	912000	2	0.0520614756097561
chr6_122745000_122746000	chr6_122734000_122735000	0.078588	55	11000	2	0.0520614756097561
chr6_122553000_122554000	chr6_122734000_122735000	0.077054	56	-181000	2	0.0520614756097561
chr6_122625000_122626000	chr6_122734000_122735000	0.076056	57	-109000	2	0.0520614756097561
chr6_122319000_122320000	chr6_122734000_122735000	0.071443	58	-415000	2	0.0520614756097561
chr6_122492000_122493000	chr6_122734000_122735000	0.069249	59	-242000	2	0.0520614756097561
chr6_122653000_122654000	chr6_122734000_122735000	0.068607	60	-81000	2	0.0520614756097561
chr6_122305000_122306000	chr6_122734000_122735000	0.067204	61	-429000	2	0.0520614756097561
chr6_123647000_123648000	chr6_122734000_122735000	0.066617	62	913000	2	0.0520614756097561
chr6_122368000_122369000	chr6_122734000_122735000	0.065792	63	-366000	2	0.0520614756097561
chr6_123004000_123005000	chr6_122734000_122735000	0.063215	64	270000	2	0.0520614756097561
chr6_122608000_122609000	chr6_122734000_122735000	0.060918	65	-126000	2	0.0520614756097561
chr6_122126000_122127000	chr6_122734000_122735000	0.06065	66	-608000	2	0.0520614756097561
chr6_122496000_122497000	chr6_122734000_122735000	0.059376	67	-238000	2	0.0520614756097561
chr6_122340000_122341000	chr6_122734000_122735000	0.058516	68	-394000	2	0.0520614756097561
chr6_122366000_122367000	chr6_122734000_122735000	0.057755	69	-368000	2	0.0520614756097561
chr6_122259000_122260000	chr6_122734000_122735000	0.057494	70	-475000	2	0.0520614756097561
chr6_122706000_122707000	chr6_122734000_122735000	0.057328	71	-28000	2	0.0520614756097561
chr6_122660000_122661000	chr6_122734000_122735000	0.057143	72.5	-74000	2	0.0520614756097561
chr6_122741000_122742000	chr6_122734000_122735000	0.057143	72.5	7000	2	0.0520614756097561
chr6_122740000_122741000	chr6_122734000_122735000	0.051831	74	6000	2	0.0520614756097561
chr6_122667000_122668000	chr6_122734000_122735000	0.051008	75	-67000	2	0.0520614756097561
chr6_122439000_122440000	chr6_122734000_122735000	0.050061	76	-295000	2	0.0520614756097561
chr6_122320000_122321000	chr6_122734000_122735000	0.047464	77	-414000	2	0.0520614756097561
chr6_122532000_122533000	chr6_122734000_122735000	0.043134	78	-202000	2	0.0520614756097561
chr6_122393000_122394000	chr6_122734000_122735000	0.041783	79	-341000	2	0.0520614756097561
chr6_122742000_122743000	chr6_122734000_122735000	0.041184	80	8000	2	0.0520614756097561
chr6_122720000_122721000	chr6_122734000_122735000	0.041087	81	-14000	2	0.0520614756097561
chr6_122614000_122615000	chr6_122734000_122735000	0.04071	82	-120000	2	0.0520614756097561
chr6_122771000_122772000	chr6_122734000_122735000	0.039573	83	37000	2	0.0520614756097561
chr6_122760000_122761000	chr6_122734000_122735000	0.038906	84	26000	2	0.0520614756097561
chr6_122633000_122634000	chr6_122734000_122735000	0.038451	85	-101000	2	0.0520614756097561
chr6_122772000_122773000	chr6_122734000_122735000	0.038392	86	38000	2	0.0520614756097561
chr6_122780000_122781000	chr6_122734000_122735000	0.038063	87	46000	2	0.0520614756097561
chr6_122494000_122495000	chr6_122734000_122735000	0.03775	88	-240000	2	0.0520614756097561
chr6_122402000_122403000	chr6_122734000_122735000	0.036389	89	-332000	2	0.0520614756097561
chr6_122811000_122812000	chr6_122734000_122735000	0.035659	90	77000	2	0.0520614756097561
chr6_122810000_122811000	chr6_122734000_122735000	0.035549	91	76000	2	0.0520614756097561
chr6_122702000_122703000	chr6_122734000_122735000	0.034778	92	-32000	2	0.0520614756097561
chr6_123328000_123329000	chr6_122734000_122735000	0.03001	93	594000	2	0.0520614756097561
chr6_122735000_122736000	chr6_122734000_122735000	0.028964	94	1000	2	0.0520614756097561
chr6_122513000_122514000	chr6_122734000_122735000	0.028735	95	-221000	2	0.0520614756097561
chr6_122312000_122313000	chr6_122734000_122735000	0.028583	96	-422000	2	0.0520614756097561
chr6_122571000_122572000	chr6_122734000_122735000	0.028571	104	-163000	2	0.0520614756097561
chr6_122713000_122714000	chr6_122734000_122735000	0.028571	104	-21000	2	0.0520614756097561
chr6_122546000_122547000	chr6_122734000_122735000	0.028571	104	-188000	2	0.0520614756097561
chr6_122617000_122618000	chr6_122734000_122735000	0.028571	104	-117000	2	0.0520614756097561
chr6_122758000_122759000	chr6_122734000_122735000	0.028571	104	24000	2	0.0520614756097561
chr6_122786000_122787000	chr6_122734000_122735000	0.028571	104	52000	2	0.0520614756097561
chr6_123332000_123333000	chr6_122734000_122735000	0.028571	104	598000	2	0.0520614756097561
chr6_122607000_122608000	chr6_122734000_122735000	0.028571	104	-127000	2	0.0520614756097561
chr6_122635000_122636000	chr6_122734000_122735000	0.028571	104	-99000	2	0.0520614756097561
chr6_122666000_122667000	chr6_122734000_122735000	0.028571	104	-68000	2	0.0520614756097561
chr6_122766000_122767000	chr6_122734000_122735000	0.028571	104	32000	2	0.0520614756097561
chr6_122804000_122805000	chr6_122734000_122735000	0.028571	104	70000	2	0.0520614756097561
chr6_122883000_122884000	chr6_122734000_122735000	0.028571	104	149000	2	0.0520614756097561
chr6_122669000_122670000	chr6_122734000_122735000	0.028571	104	-65000	2	0.0520614756097561
chr6_122696000_122697000	chr6_122734000_122735000	0.028571	104	-38000	2	0.0520614756097561
chr6_122593000_122594000	chr6_122734000_122735000	0.028472	112	-141000	2	0.0520614756097561
chr6_122297000_122298000	chr6_122734000_122735000	0.028269	113	-437000	2	0.0520614756097561
chr6_122333000_122334000	chr6_122734000_122735000	0.025669	114	-401000	2	0.0520614756097561
chr6_122322000_122323000	chr6_122734000_122735000	0.023937	115	-412000	2	0.0520614756097561
chr6_122309000_122310000	chr6_122734000_122735000	0.023447	116	-425000	2	0.0520614756097561
chr6_122332000_122333000	chr6_122734000_122735000	0.022334	117	-402000	2	0.0520614756097561
chr6_122531000_122532000	chr6_122734000_122735000	0.022006	118	-203000	2	0.0520614756097561
chr6_122761000_122762000	chr6_122734000_122735000	0.019995	119	27000	2	0.0520614756097561
chr6_122316000_122317000	chr6_122734000_122735000	0.014952	120	-418000	2	0.0520614756097561
chr6_122521000_122522000	chr6_122734000_122735000	0.0135	121	-213000	3	-0.0234879693877551
chr6_122703000_122704000	chr6_122734000_122735000	0.013182	122	-31000	3	-0.0234879693877551
chr6_123340000_123341000	chr6_122734000_122735000	0.012934	123	606000	3	-0.0234879693877551
chr6_122560000_122561000	chr6_122734000_122735000	0.012339	124	-174000	3	-0.0234879693877551
chr6_122314000_122315000	chr6_122734000_122735000	0.011663	125	-420000	3	-0.0234879693877551
chr6_122694000_122695000	chr6_122734000_122735000	0.011572	126	-40000	3	-0.0234879693877551
chr6_123327000_123328000	chr6_122734000_122735000	0.011207	127	593000	3	-0.0234879693877551
chr6_122321000_122322000	chr6_122734000_122735000	0.01081	128	-413000	3	-0.0234879693877551
chr6_122369000_122370000	chr6_122734000_122735000	0.009913	129	-365000	3	-0.0234879693877551
chr6_122610000_122611000	chr6_122734000_122735000	0.009419	130	-124000	3	-0.0234879693877551
chr6_122819000_122820000	chr6_122734000_122735000	0.005227	131	85000	3	-0.0234879693877551
chr6_122712000_122713000	chr6_122734000_122735000	0.002327	132	-22000	3	-0.0234879693877551
chr6_122719000_122720000	chr6_122734000_122735000	0.001896	133	-15000	3	-0.0234879693877551
chr6_122325000_122326000	chr6_122734000_122735000	0.001654	134	-409000	3	-0.0234879693877551
chr6_122670000_122671000	chr6_122734000_122735000	0	145	-64000	3	-0.0234879693877551
chr6_122825000_122826000	chr6_122734000_122735000	0	145	91000	3	-0.0234879693877551
chr6_123697000_123698000	chr6_122734000_122735000	0	145	963000	3	-0.0234879693877551
chr6_122545000_122546000	chr6_122734000_122735000	0	145	-189000	3	-0.0234879693877551
chr6_122557000_122558000	chr6_122734000_122735000	0	145	-177000	3	-0.0234879693877551
chr6_122570000_122571000	chr6_122734000_122735000	0	145	-164000	3	-0.0234879693877551
chr6_122686000_122687000	chr6_122734000_122735000	0	145	-48000	3	-0.0234879693877551
chr6_122690000_122691000	chr6_122734000_122735000	0	145	-44000	3	-0.0234879693877551
chr6_122765000_122766000	chr6_122734000_122735000	0	145	31000	3	-0.0234879693877551
chr6_122795000_122796000	chr6_122734000_122735000	0	145	61000	3	-0.0234879693877551
chr6_122802000_122803000	chr6_122734000_122735000	0	145	68000	3	-0.0234879693877551
chr6_122812000_122813000	chr6_122734000_122735000	0	145	78000	3	-0.0234879693877551
chr6_122856000_122857000	chr6_122734000_122735000	0	145	122000	3	-0.0234879693877551
chr6_122870000_122871000	chr6_122734000_122735000	0	145	136000	3	-0.0234879693877551
chr6_122874000_122875000	chr6_122734000_122735000	0	145	140000	3	-0.0234879693877551
chr6_122892000_122893000	chr6_122734000_122735000	0	145	158000	3	-0.0234879693877551
chr6_122935000_122936000	chr6_122734000_122735000	0	145	201000	3	-0.0234879693877551
chr6_123005000_123006000	chr6_122734000_122735000	0	145	271000	3	-0.0234879693877551
chr6_123138000_123139000	chr6_122734000_122735000	0	145	404000	3	-0.0234879693877551
chr6_122769000_122770000	chr6_122734000_122735000	0	145	35000	3	-0.0234879693877551
chr6_122329000_122330000	chr6_122734000_122735000	0	145	-405000	3	-0.0234879693877551
chr6_122716000_122717000	chr6_122734000_122735000	-0.00104	156	-18000	3	-0.0234879693877551
chr6_122486000_122487000	chr6_122734000_122735000	-0.003065	157	-248000	3	-0.0234879693877551
chr6_122344000_122345000	chr6_122734000_122735000	-0.003879	158	-390000	3	-0.0234879693877551
chr6_122335000_122336000	chr6_122734000_122735000	-0.003892	159	-399000	3	-0.0234879693877551
chr6_122338000_122339000	chr6_122734000_122735000	-0.004966	160	-396000	3	-0.0234879693877551
chr6_122346000_122347000	chr6_122734000_122735000	-0.005986	161	-388000	3	-0.0234879693877551
chr6_122487000_122488000	chr6_122734000_122735000	-0.007107	162	-247000	3	-0.0234879693877551
chr6_122762000_122763000	chr6_122734000_122735000	-0.007623	163	28000	3	-0.0234879693877551
chr6_122317000_122318000	chr6_122734000_122735000	-0.010344	164	-417000	3	-0.0234879693877551
chr6_122595000_122596000	chr6_122734000_122735000	-0.011692	165	-139000	3	-0.0234879693877551
chr6_122770000_122771000	chr6_122734000_122735000	-0.011992	166	36000	3	-0.0234879693877551
chr6_122659000_122660000	chr6_122734000_122735000	-0.013902	167	-75000	3	-0.0234879693877551
chr6_122882000_122883000	chr6_122734000_122735000	-0.016339	168	148000	3	-0.0234879693877551
chr6_122600000_122601000	chr6_122734000_122735000	-0.016883	169	-134000	3	-0.0234879693877551
chr6_122315000_122316000	chr6_122734000_122735000	-0.017928	170	-419000	3	-0.0234879693877551
chr6_122824000_122825000	chr6_122734000_122735000	-0.019882	171	90000	3	-0.0234879693877551
chr6_122313000_122314000	chr6_122734000_122735000	-0.02185	172	-421000	3	-0.0234879693877551
chr6_122561000_122562000	chr6_122734000_122735000	-0.021922	173	-173000	3	-0.0234879693877551
chr6_122304000_122305000	chr6_122734000_122735000	-0.022433	174	-430000	3	-0.0234879693877551
chr6_122989000_122990000	chr6_122734000_122735000	-0.022891	175	255000	3	-0.0234879693877551
chr6_122485000_122486000	chr6_122734000_122735000	-0.024477	176	-249000	3	-0.0234879693877551
chr6_122565000_122566000	chr6_122734000_122735000	-0.02756	177	-169000	3	-0.0234879693877551
chr6_122708000_122709000	chr6_122734000_122735000	-0.028571	184	-26000	3	-0.0234879693877551
chr6_122689000_122690000	chr6_122734000_122735000	-0.028571	184	-45000	3	-0.0234879693877551
chr6_122782000_122783000	chr6_122734000_122735000	-0.028571	184	48000	3	-0.0234879693877551
chr6_122869000_122870000	chr6_122734000_122735000	-0.028571	184	135000	3	-0.0234879693877551
chr6_122759000_122760000	chr6_122734000_122735000	-0.028571	184	25000	3	-0.0234879693877551
chr6_122336000_122337000	chr6_122734000_122735000	-0.028571	184	-398000	3	-0.0234879693877551
chr6_122598000_122599000	chr6_122734000_122735000	-0.028571	184	-136000	3	-0.0234879693877551
chr6_122663000_122664000	chr6_122734000_122735000	-0.028571	184	-71000	3	-0.0234879693877551
chr6_122709000_122710000	chr6_122734000_122735000	-0.028571	184	-25000	3	-0.0234879693877551
chr6_122662000_122663000	chr6_122734000_122735000	-0.028571	184	-72000	3	-0.0234879693877551
chr6_122833000_122834000	chr6_122734000_122735000	-0.028571	184	99000	3	-0.0234879693877551
chr6_123696000_123697000	chr6_122734000_122735000	-0.028571	184	962000	3	-0.0234879693877551
chr6_122505000_122506000	chr6_122734000_122735000	-0.028571	184	-229000	3	-0.0234879693877551
chr6_122773000_122774000	chr6_122734000_122735000	-0.029513	191	39000	3	-0.0234879693877551
chr6_122258000_122259000	chr6_122734000_122735000	-0.029579	192	-476000	3	-0.0234879693877551
chr6_122801000_122802000	chr6_122734000_122735000	-0.030157	193	67000	3	-0.0234879693877551
chr6_122661000_122662000	chr6_122734000_122735000	-0.030738	194	-73000	3	-0.0234879693877551
chr6_122821000_122822000	chr6_122734000_122735000	-0.031272	195	87000	3	-0.0234879693877551
chr6_123657000_123658000	chr6_122734000_122735000	-0.032107	196	923000	3	-0.0234879693877551
chr6_122785000_122786000	chr6_122734000_122735000	-0.041098	197	51000	3	-0.0234879693877551
chr6_122834000_122835000	chr6_122734000_122735000	-0.048613	198	100000	3	-0.0234879693877551
chr6_122602000_122603000	chr6_122734000_122735000	-0.051318	199	-132000	3	-0.0234879693877551
chr6_122310000_122311000	chr6_122734000_122735000	-0.052527	200	-424000	3	-0.0234879693877551
chr6_122764000_122765000	chr6_122734000_122735000	-0.056009	201	30000	3	-0.0234879693877551
chr6_122495000_122496000	chr6_122734000_122735000	-0.056123	202	-239000	3	-0.0234879693877551
chr6_122331000_122332000	chr6_122734000_122735000	-0.057143	204.5	-403000	3	-0.0234879693877551
chr6_122784000_122785000	chr6_122734000_122735000	-0.057143	204.5	50000	3	-0.0234879693877551
chr6_122618000_122619000	chr6_122734000_122735000	-0.057143	204.5	-116000	3	-0.0234879693877551
chr6_122392000_122393000	chr6_122734000_122735000	-0.057143	204.5	-342000	3	-0.0234879693877551
chr6_122342000_122343000	chr6_122734000_122735000	-0.06362	207	-392000	3	-0.0234879693877551
chr6_122337000_122338000	chr6_122734000_122735000	-0.064077	208	-397000	3	-0.0234879693877551
chr6_122334000_122335000	chr6_122734000_122735000	-0.066544	209	-400000	3	-0.0234879693877551
chr6_122308000_122309000	chr6_122734000_122735000	-0.067108	210	-426000	3	-0.0234879693877551
chr6_122640000_122641000	chr6_122734000_122735000	-0.067257	211	-94000	3	-0.0234879693877551
chr6_122469000_122470000	chr6_122734000_122735000	-0.075016	212	-265000	3	-0.0234879693877551
chr6_122378000_122379000	chr6_122734000_122735000	-0.082673	213	-356000	3	-0.0234879693877551
chr6_122345000_122346000	chr6_122734000_122735000	-0.085714	214	-389000	3	-0.0234879693877551
chr6_122365000_122366000	chr6_122734000_122735000	-0.095226	215	-369000	3	-0.0234879693877551
chr6_122875000_122876000	chr6_122734000_122735000	-0.106068	216	141000	3	-0.0234879693877551
chr6_122826000_122827000	chr6_122734000_122735000	-0.114286	217	92000	3	-0.0234879693877551
chr6_122562000_122563000	chr6_122734000_122735000	-0.155173	218	-172000	3	-0.0234879693877551
