interact_region	promoter_region	pred	RF_rank	distance	kmeans	clustmean
chr6_122743000_122744000	chr6_122742000_122743000	0.602432	1	1000	1	0.31356825
chr6_122486000_122487000	chr6_122742000_122743000	0.367379	2	-256000	1	0.31356825
chr6_122764000_122765000	chr6_122742000_122743000	0.307989	3	22000	1	0.31356825
chr6_122702000_122703000	chr6_122742000_122743000	0.297662	4	-40000	1	0.31356825
chr6_123657000_123658000	chr6_122742000_122743000	0.246248	5	915000	1	0.31356825
chr6_122491000_122492000	chr6_122742000_122743000	0.244223	6	-251000	1	0.31356825
chr6_122391000_122392000	chr6_122742000_122743000	0.231247	7	-351000	1	0.31356825
chr6_122339000_122340000	chr6_122742000_122743000	0.211366	8	-403000	1	0.31356825
chr6_122492000_122493000	chr6_122742000_122743000	0.189568	9	-250000	2	0.0936615068493151
chr6_122770000_122771000	chr6_122742000_122743000	0.17886	10	28000	2	0.0936615068493151
chr6_122765000_122766000	chr6_122742000_122743000	0.174804	11	23000	2	0.0936615068493151
chr6_122761000_122762000	chr6_122742000_122743000	0.160861	12	19000	2	0.0936615068493151
chr6_122727000_122728000	chr6_122742000_122743000	0.160588	13	-15000	2	0.0936615068493151
chr6_122769000_122770000	chr6_122742000_122743000	0.153914	14	27000	2	0.0936615068493151
chr6_122707000_122708000	chr6_122742000_122743000	0.151352	15	-35000	2	0.0936615068493151
chr6_122310000_122311000	chr6_122742000_122743000	0.151013	16	-432000	2	0.0936615068493151
chr6_122734000_122735000	chr6_122742000_122743000	0.150338	17	-8000	2	0.0936615068493151
chr6_122740000_122741000	chr6_122742000_122743000	0.147925	18	-2000	2	0.0936615068493151
chr6_122744000_122745000	chr6_122742000_122743000	0.142373	19	2000	2	0.0936615068493151
chr6_122562000_122563000	chr6_122742000_122743000	0.134567	20	-180000	2	0.0936615068493151
chr6_122760000_122761000	chr6_122742000_122743000	0.132425	21	18000	2	0.0936615068493151
chr6_122715000_122716000	chr6_122742000_122743000	0.128014	22	-27000	2	0.0936615068493151
chr6_122786000_122787000	chr6_122742000_122743000	0.125008	23	44000	2	0.0936615068493151
chr6_122745000_122746000	chr6_122742000_122743000	0.123951	24	3000	2	0.0936615068493151
chr6_122660000_122661000	chr6_122742000_122743000	0.118915	25	-82000	2	0.0936615068493151
chr6_123004000_123005000	chr6_122742000_122743000	0.118382	26	262000	2	0.0936615068493151
chr6_122730000_122731000	chr6_122742000_122743000	0.115302	27	-12000	2	0.0936615068493151
chr6_122633000_122634000	chr6_122742000_122743000	0.111583	28	-109000	2	0.0936615068493151
chr6_122820000_122821000	chr6_122742000_122743000	0.10951	29	78000	2	0.0936615068493151
chr6_122640000_122641000	chr6_122742000_122743000	0.108794	30	-102000	2	0.0936615068493151
chr6_122331000_122332000	chr6_122742000_122743000	0.107539	31	-411000	2	0.0936615068493151
chr6_122320000_122321000	chr6_122742000_122743000	0.105764	32	-422000	2	0.0936615068493151
chr6_122126000_122127000	chr6_122742000_122743000	0.10499	33	-616000	2	0.0936615068493151
chr6_122720000_122721000	chr6_122742000_122743000	0.104121	34	-22000	2	0.0936615068493151
chr6_122686000_122687000	chr6_122742000_122743000	0.104117	35	-56000	2	0.0936615068493151
chr6_122523000_122524000	chr6_122742000_122743000	0.103518	36	-219000	2	0.0936615068493151
chr6_122332000_122333000	chr6_122742000_122743000	0.100613	37	-410000	2	0.0936615068493151
chr6_122828000_122829000	chr6_122742000_122743000	0.09944	38	86000	2	0.0936615068493151
chr6_122378000_122379000	chr6_122742000_122743000	0.097663	39	-364000	2	0.0936615068493151
chr6_122344000_122345000	chr6_122742000_122743000	0.094889	40	-398000	2	0.0936615068493151
chr6_122340000_122341000	chr6_122742000_122743000	0.09043	41	-402000	2	0.0936615068493151
chr6_122741000_122742000	chr6_122742000_122743000	0.089993	42	-1000	2	0.0936615068493151
chr6_122258000_122259000	chr6_122742000_122743000	0.089275	43	-484000	2	0.0936615068493151
chr6_122367000_122368000	chr6_122742000_122743000	0.08854	44	-375000	2	0.0936615068493151
chr6_122295000_122296000	chr6_122742000_122743000	0.086785	45	-447000	2	0.0936615068493151
chr6_123340000_123341000	chr6_122742000_122743000	0.086057	46	598000	2	0.0936615068493151
chr6_122703000_122704000	chr6_122742000_122743000	0.085884	47	-39000	2	0.0936615068493151
chr6_122834000_122835000	chr6_122742000_122743000	0.085714	48	92000	2	0.0936615068493151
chr6_123697000_123698000	chr6_122742000_122743000	0.081795	49	955000	2	0.0936615068493151
chr6_122469000_122470000	chr6_122742000_122743000	0.079122	50	-273000	2	0.0936615068493151
chr6_122771000_122772000	chr6_122742000_122743000	0.078398	51	29000	2	0.0936615068493151
chr6_122628000_122629000	chr6_122742000_122743000	0.075574	52	-114000	2	0.0936615068493151
chr6_122731000_122732000	chr6_122742000_122743000	0.073703	53	-11000	2	0.0936615068493151
chr6_122557000_122558000	chr6_122742000_122743000	0.070904	54	-185000	2	0.0936615068493151
chr6_122605000_122606000	chr6_122742000_122743000	0.07064	55	-137000	2	0.0936615068493151
chr6_122314000_122315000	chr6_122742000_122743000	0.069029	56	-428000	2	0.0936615068493151
chr6_122728000_122729000	chr6_122742000_122743000	0.069013	57	-14000	2	0.0936615068493151
chr6_122393000_122394000	chr6_122742000_122743000	0.06718	58	-349000	2	0.0936615068493151
chr6_122561000_122562000	chr6_122742000_122743000	0.065397	59	-181000	2	0.0936615068493151
chr6_122321000_122322000	chr6_122742000_122743000	0.06303	60	-421000	2	0.0936615068493151
chr6_122670000_122671000	chr6_122742000_122743000	0.062335	61	-72000	2	0.0936615068493151
chr6_122739000_122740000	chr6_122742000_122743000	0.062316	62	-3000	2	0.0936615068493151
chr6_122304000_122305000	chr6_122742000_122743000	0.060295	63	-438000	2	0.0936615068493151
chr6_122667000_122668000	chr6_122742000_122743000	0.057666	64	-75000	2	0.0936615068493151
chr6_122706000_122707000	chr6_122742000_122743000	0.057143	69	-36000	2	0.0936615068493151
chr6_122811000_122812000	chr6_122742000_122743000	0.057143	69	69000	2	0.0936615068493151
chr6_122334000_122335000	chr6_122742000_122743000	0.057143	69	-408000	2	0.0936615068493151
chr6_122346000_122347000	chr6_122742000_122743000	0.057143	69	-396000	2	0.0936615068493151
chr6_122522000_122523000	chr6_122742000_122743000	0.057143	69	-220000	2	0.0936615068493151
chr6_122609000_122610000	chr6_122742000_122743000	0.057143	69	-133000	2	0.0936615068493151
chr6_122759000_122760000	chr6_122742000_122743000	0.057143	69	17000	2	0.0936615068493151
chr6_122763000_122764000	chr6_122742000_122743000	0.057143	69	21000	2	0.0936615068493151
chr6_122821000_122822000	chr6_122742000_122743000	0.057143	69	79000	2	0.0936615068493151
chr6_122356000_122357000	chr6_122742000_122743000	0.054247	74	-386000	2	0.0936615068493151
chr6_122737000_122738000	chr6_122742000_122743000	0.05255	75	-5000	2	0.0936615068493151
chr6_122365000_122366000	chr6_122742000_122743000	0.052475	76	-377000	2	0.0936615068493151
chr6_123646000_123647000	chr6_122742000_122743000	0.050057	77	904000	2	0.0936615068493151
chr6_123138000_123139000	chr6_122742000_122743000	0.049617	78	396000	2	0.0936615068493151
chr6_122312000_122313000	chr6_122742000_122743000	0.049312	79	-430000	2	0.0936615068493151
chr6_122329000_122330000	chr6_122742000_122743000	0.048016	80	-413000	2	0.0936615068493151
chr6_122560000_122561000	chr6_122742000_122743000	0.046953	81	-182000	2	0.0936615068493151
chr6_122533000_122534000	chr6_122742000_122743000	0.036208	82	-209000	3	-0.00766378102189781
chr6_122825000_122826000	chr6_122742000_122743000	0.033622	83	83000	3	-0.00766378102189781
chr6_122661000_122662000	chr6_122742000_122743000	0.032386	84	-81000	3	-0.00766378102189781
chr6_122485000_122486000	chr6_122742000_122743000	0.032249	85	-257000	3	-0.00766378102189781
chr6_122494000_122495000	chr6_122742000_122743000	0.031829	86	-248000	3	-0.00766378102189781
chr6_122732000_122733000	chr6_122742000_122743000	0.029909	87	-10000	3	-0.00766378102189781
chr6_122607000_122608000	chr6_122742000_122743000	0.029463	88	-135000	3	-0.00766378102189781
chr6_122690000_122691000	chr6_122742000_122743000	0.029041	89	-52000	3	-0.00766378102189781
chr6_122810000_122811000	chr6_122742000_122743000	0.028821	90	68000	3	-0.00766378102189781
chr6_122335000_122336000	chr6_122742000_122743000	0.028571	100.5	-407000	3	-0.00766378102189781
chr6_122785000_122786000	chr6_122742000_122743000	0.028571	100.5	43000	3	-0.00766378102189781
chr6_122870000_122871000	chr6_122742000_122743000	0.028571	100.5	128000	3	-0.00766378102189781
chr6_122319000_122320000	chr6_122742000_122743000	0.028571	100.5	-423000	3	-0.00766378102189781
chr6_122343000_122344000	chr6_122742000_122743000	0.028571	100.5	-399000	3	-0.00766378102189781
chr6_122554000_122555000	chr6_122742000_122743000	0.028571	100.5	-188000	3	-0.00766378102189781
chr6_122591000_122592000	chr6_122742000_122743000	0.028571	100.5	-151000	3	-0.00766378102189781
chr6_122726000_122727000	chr6_122742000_122743000	0.028571	100.5	-16000	3	-0.00766378102189781
chr6_122874000_122875000	chr6_122742000_122743000	0.028571	100.5	132000	3	-0.00766378102189781
chr6_122882000_122883000	chr6_122742000_122743000	0.028571	100.5	140000	3	-0.00766378102189781
chr6_122368000_122369000	chr6_122742000_122743000	0.028571	100.5	-374000	3	-0.00766378102189781
chr6_122521000_122522000	chr6_122742000_122743000	0.028571	100.5	-221000	3	-0.00766378102189781
chr6_122528000_122529000	chr6_122742000_122743000	0.028571	100.5	-214000	3	-0.00766378102189781
chr6_122553000_122554000	chr6_122742000_122743000	0.028571	100.5	-189000	3	-0.00766378102189781
chr6_122696000_122697000	chr6_122742000_122743000	0.028571	100.5	-46000	3	-0.00766378102189781
chr6_122782000_122783000	chr6_122742000_122743000	0.028571	100.5	40000	3	-0.00766378102189781
chr6_122735000_122736000	chr6_122742000_122743000	0.028571	100.5	-7000	3	-0.00766378102189781
chr6_122766000_122767000	chr6_122742000_122743000	0.028571	100.5	24000	3	-0.00766378102189781
chr6_122662000_122663000	chr6_122742000_122743000	0.028571	100.5	-80000	3	-0.00766378102189781
chr6_123332000_123333000	chr6_122742000_122743000	0.028571	100.5	590000	3	-0.00766378102189781
chr6_122355000_122356000	chr6_122742000_122743000	0.027502	111	-387000	3	-0.00766378102189781
chr6_122345000_122346000	chr6_122742000_122743000	0.025477	112	-397000	3	-0.00766378102189781
chr6_122337000_122338000	chr6_122742000_122743000	0.023326	113	-405000	3	-0.00766378102189781
chr6_122826000_122827000	chr6_122742000_122743000	0.022758	114	84000	3	-0.00766378102189781
chr6_122531000_122532000	chr6_122742000_122743000	0.021201	115	-211000	3	-0.00766378102189781
chr6_122653000_122654000	chr6_122742000_122743000	0.020939	116	-89000	3	-0.00766378102189781
chr6_122669000_122670000	chr6_122742000_122743000	0.020554	117	-73000	3	-0.00766378102189781
chr6_122439000_122440000	chr6_122742000_122743000	0.017437	118	-303000	3	-0.00766378102189781
chr6_122614000_122615000	chr6_122742000_122743000	0.016338	119	-128000	3	-0.00766378102189781
chr6_122802000_122803000	chr6_122742000_122743000	0.015327	120	60000	3	-0.00766378102189781
chr6_122883000_122884000	chr6_122742000_122743000	0.010196	121	141000	3	-0.00766378102189781
chr6_122505000_122506000	chr6_122742000_122743000	0.009439	122	-237000	3	-0.00766378102189781
chr6_123137000_123138000	chr6_122742000_122743000	0.008798	123	395000	3	-0.00766378102189781
chr6_122317000_122318000	chr6_122742000_122743000	0.004618	124	-425000	3	-0.00766378102189781
chr6_122801000_122802000	chr6_122742000_122743000	0.003086	125	59000	3	-0.00766378102189781
chr6_123005000_123006000	chr6_122742000_122743000	0.002978	126	263000	3	-0.00766378102189781
chr6_122325000_122326000	chr6_122742000_122743000	0.001836	127	-417000	3	-0.00766378102189781
chr6_122618000_122619000	chr6_122742000_122743000	0.001039	128	-124000	3	-0.00766378102189781
chr6_122719000_122720000	chr6_122742000_122743000	0	143	-23000	3	-0.00766378102189781
chr6_122463000_122464000	chr6_122742000_122743000	0	143	-279000	3	-0.00766378102189781
chr6_122570000_122571000	chr6_122742000_122743000	0	143	-172000	3	-0.00766378102189781
chr6_122571000_122572000	chr6_122742000_122743000	0	143	-171000	3	-0.00766378102189781
chr6_122602000_122603000	chr6_122742000_122743000	0	143	-140000	3	-0.00766378102189781
chr6_122617000_122618000	chr6_122742000_122743000	0	143	-125000	3	-0.00766378102189781
chr6_122624000_122625000	chr6_122742000_122743000	0	143	-118000	3	-0.00766378102189781
chr6_122626000_122627000	chr6_122742000_122743000	0	143	-116000	3	-0.00766378102189781
chr6_122689000_122690000	chr6_122742000_122743000	0	143	-53000	3	-0.00766378102189781
chr6_122709000_122710000	chr6_122742000_122743000	0	143	-33000	3	-0.00766378102189781
chr6_122713000_122714000	chr6_122742000_122743000	0	143	-29000	3	-0.00766378102189781
chr6_122758000_122759000	chr6_122742000_122743000	0	143	16000	3	-0.00766378102189781
chr6_122762000_122763000	chr6_122742000_122743000	0	143	20000	3	-0.00766378102189781
chr6_122768000_122769000	chr6_122742000_122743000	0	143	26000	3	-0.00766378102189781
chr6_122780000_122781000	chr6_122742000_122743000	0	143	38000	3	-0.00766378102189781
chr6_122819000_122820000	chr6_122742000_122743000	0	143	77000	3	-0.00766378102189781
chr6_122824000_122825000	chr6_122742000_122743000	0	143	82000	3	-0.00766378102189781
chr6_122856000_122857000	chr6_122742000_122743000	0	143	114000	3	-0.00766378102189781
chr6_122875000_122876000	chr6_122742000_122743000	0	143	133000	3	-0.00766378102189781
chr6_122892000_122893000	chr6_122742000_122743000	0	143	150000	3	-0.00766378102189781
chr6_122989000_122990000	chr6_122742000_122743000	0	143	247000	3	-0.00766378102189781
chr6_123696000_123697000	chr6_122742000_122743000	0	143	954000	3	-0.00766378102189781
chr6_122773000_122774000	chr6_122742000_122743000	0	143	31000	3	-0.00766378102189781
chr6_122342000_122343000	chr6_122742000_122743000	0	143	-400000	3	-0.00766378102189781
chr6_122369000_122370000	chr6_122742000_122743000	0	143	-373000	3	-0.00766378102189781
chr6_122392000_122393000	chr6_122742000_122743000	0	143	-350000	3	-0.00766378102189781
chr6_122632000_122633000	chr6_122742000_122743000	0	143	-110000	3	-0.00766378102189781
chr6_122772000_122773000	chr6_122742000_122743000	0	143	30000	3	-0.00766378102189781
chr6_122784000_122785000	chr6_122742000_122743000	0	143	42000	3	-0.00766378102189781
chr6_122729000_122730000	chr6_122742000_122743000	-0.001036	158	-13000	3	-0.00766378102189781
chr6_122545000_122546000	chr6_122742000_122743000	-0.002556	159	-197000	3	-0.00766378102189781
chr6_122625000_122626000	chr6_122742000_122743000	-0.002784	160	-117000	3	-0.00766378102189781
chr6_122659000_122660000	chr6_122742000_122743000	-0.0043	161	-83000	3	-0.00766378102189781
chr6_122347000_122348000	chr6_122742000_122743000	-0.00699	162	-395000	3	-0.00766378102189781
chr6_122366000_122367000	chr6_122742000_122743000	-0.009388	163	-376000	3	-0.00766378102189781
chr6_122666000_122667000	chr6_122742000_122743000	-0.011841	164	-76000	3	-0.00766378102189781
chr6_122322000_122323000	chr6_122742000_122743000	-0.012173	165	-420000	3	-0.00766378102189781
chr6_122305000_122306000	chr6_122742000_122743000	-0.012461	166	-437000	3	-0.00766378102189781
chr6_122333000_122334000	chr6_122742000_122743000	-0.012999	167	-409000	3	-0.00766378102189781
chr6_122402000_122403000	chr6_122742000_122743000	-0.014556	168	-340000	3	-0.00766378102189781
chr6_122318000_122319000	chr6_122742000_122743000	-0.015194	169	-424000	3	-0.00766378102189781
chr6_122341000_122342000	chr6_122742000_122743000	-0.015414	170	-401000	3	-0.00766378102189781
chr6_122487000_122488000	chr6_122742000_122743000	-0.016253	171	-255000	3	-0.00766378102189781
chr6_122513000_122514000	chr6_122742000_122743000	-0.017279	172	-229000	3	-0.00766378102189781
chr6_122600000_122601000	chr6_122742000_122743000	-0.017546	173	-142000	3	-0.00766378102189781
chr6_123327000_123328000	chr6_122742000_122743000	-0.017772	174	585000	3	-0.00766378102189781
chr6_122795000_122796000	chr6_122742000_122743000	-0.021517	175	53000	3	-0.00766378102189781
chr6_122593000_122594000	chr6_122742000_122743000	-0.0222	176	-149000	3	-0.00766378102189781
chr6_122664000_122665000	chr6_122742000_122743000	-0.023281	177	-78000	3	-0.00766378102189781
chr6_122328000_122329000	chr6_122742000_122743000	-0.026869	178	-414000	3	-0.00766378102189781
chr6_122608000_122609000	chr6_122742000_122743000	-0.026916	179	-134000	3	-0.00766378102189781
chr6_122259000_122260000	chr6_122742000_122743000	-0.028347	180	-483000	3	-0.00766378102189781
chr6_122532000_122533000	chr6_122742000_122743000	-0.028497	181	-210000	3	-0.00766378102189781
chr6_122804000_122805000	chr6_122742000_122743000	-0.028571	188.5	62000	3	-0.00766378102189781
chr6_122767000_122768000	chr6_122742000_122743000	-0.028571	188.5	25000	3	-0.00766378102189781
chr6_122323000_122324000	chr6_122742000_122743000	-0.028571	188.5	-419000	3	-0.00766378102189781
chr6_122546000_122547000	chr6_122742000_122743000	-0.028571	188.5	-196000	3	-0.00766378102189781
chr6_122595000_122596000	chr6_122742000_122743000	-0.028571	188.5	-147000	3	-0.00766378102189781
chr6_122663000_122664000	chr6_122742000_122743000	-0.028571	188.5	-79000	3	-0.00766378102189781
chr6_122698000_122699000	chr6_122742000_122743000	-0.028571	188.5	-44000	3	-0.00766378102189781
chr6_122833000_122834000	chr6_122742000_122743000	-0.028571	188.5	91000	3	-0.00766378102189781
chr6_123328000_123329000	chr6_122742000_122743000	-0.028571	188.5	586000	3	-0.00766378102189781
chr6_122495000_122496000	chr6_122742000_122743000	-0.028571	188.5	-247000	3	-0.00766378102189781
chr6_122627000_122628000	chr6_122742000_122743000	-0.028571	188.5	-115000	3	-0.00766378102189781
chr6_122712000_122713000	chr6_122742000_122743000	-0.028571	188.5	-30000	3	-0.00766378102189781
chr6_122812000_122813000	chr6_122742000_122743000	-0.028571	188.5	70000	3	-0.00766378102189781
chr6_122869000_122870000	chr6_122742000_122743000	-0.028571	188.5	127000	3	-0.00766378102189781
chr6_122315000_122316000	chr6_122742000_122743000	-0.032355	196	-427000	3	-0.00766378102189781
chr6_122606000_122607000	chr6_122742000_122743000	-0.035222	197	-136000	3	-0.00766378102189781
chr6_122610000_122611000	chr6_122742000_122743000	-0.035338	198	-132000	3	-0.00766378102189781
chr6_122598000_122599000	chr6_122742000_122743000	-0.036878	199	-144000	3	-0.00766378102189781
chr6_122635000_122636000	chr6_122742000_122743000	-0.037254	200	-107000	3	-0.00766378102189781
chr6_122496000_122497000	chr6_122742000_122743000	-0.04621	201	-246000	3	-0.00766378102189781
chr6_122636000_122637000	chr6_122742000_122743000	-0.051423	202	-106000	3	-0.00766378102189781
chr6_122316000_122317000	chr6_122742000_122743000	-0.054382	203	-426000	3	-0.00766378102189781
chr6_122694000_122695000	chr6_122742000_122743000	-0.057143	205.5	-48000	3	-0.00766378102189781
chr6_122699000_122700000	chr6_122742000_122743000	-0.057143	205.5	-43000	3	-0.00766378102189781
chr6_122935000_122936000	chr6_122742000_122743000	-0.057143	205.5	193000	3	-0.00766378102189781
chr6_123647000_123648000	chr6_122742000_122743000	-0.057143	205.5	905000	3	-0.00766378102189781
chr6_122471000_122472000	chr6_122742000_122743000	-0.065788	208	-271000	3	-0.00766378102189781
chr6_122297000_122298000	chr6_122742000_122743000	-0.066806	209	-445000	3	-0.00766378102189781
chr6_122338000_122339000	chr6_122742000_122743000	-0.067689	210	-404000	3	-0.00766378102189781
chr6_122309000_122310000	chr6_122742000_122743000	-0.068306	211	-433000	3	-0.00766378102189781
chr6_122716000_122717000	chr6_122742000_122743000	-0.07045	212	-26000	3	-0.00766378102189781
chr6_122298000_122299000	chr6_122742000_122743000	-0.071042	213	-444000	3	-0.00766378102189781
chr6_122336000_122337000	chr6_122742000_122743000	-0.074447	214	-406000	3	-0.00766378102189781
chr6_122313000_122314000	chr6_122742000_122743000	-0.07613	215	-429000	3	-0.00766378102189781
chr6_122708000_122709000	chr6_122742000_122743000	-0.082663	216	-34000	3	-0.00766378102189781
chr6_122565000_122566000	chr6_122742000_122743000	-0.085714	217	-177000	3	-0.00766378102189781
chr6_122308000_122309000	chr6_122742000_122743000	-0.102903	218	-434000	3	-0.00766378102189781
