interact_region	promoter_region	pred	RF_rank	distance	kmeans	clustmean
chr6_122333000_122334000	chr6_122696000_122697000	0.342327	1	-363000	1	0.182295769230769
chr6_122295000_122296000	chr6_122696000_122697000	0.308734	2	-401000	1	0.182295769230769
chr6_122439000_122440000	chr6_122696000_122697000	0.279779	3	-257000	1	0.182295769230769
chr6_123137000_123138000	chr6_122696000_122697000	0.241985	4	441000	1	0.182295769230769
chr6_122313000_122314000	chr6_122696000_122697000	0.240288	5	-383000	1	0.182295769230769
chr6_122365000_122366000	chr6_122696000_122697000	0.226309	6	-331000	1	0.182295769230769
chr6_122667000_122668000	chr6_122696000_122697000	0.224048	7	-29000	1	0.182295769230769
chr6_122653000_122654000	chr6_122696000_122697000	0.214806	8	-43000	1	0.182295769230769
chr6_122765000_122766000	chr6_122696000_122697000	0.198278	9	69000	1	0.182295769230769
chr6_122312000_122313000	chr6_122696000_122697000	0.193615	10	-384000	1	0.182295769230769
chr6_123328000_123329000	chr6_122696000_122697000	0.173178	11	632000	1	0.182295769230769
chr6_122561000_122562000	chr6_122696000_122697000	0.16318	12	-135000	1	0.182295769230769
chr6_122331000_122332000	chr6_122696000_122697000	0.161458	13	-365000	1	0.182295769230769
chr6_122305000_122306000	chr6_122696000_122697000	0.159642	14	-391000	1	0.182295769230769
chr6_122340000_122341000	chr6_122696000_122697000	0.152949	15	-356000	1	0.182295769230769
chr6_122762000_122763000	chr6_122696000_122697000	0.150554	16	66000	1	0.182295769230769
chr6_122304000_122305000	chr6_122696000_122697000	0.147084	17	-392000	1	0.182295769230769
chr6_122625000_122626000	chr6_122696000_122697000	0.14592	18	-71000	1	0.182295769230769
chr6_122557000_122558000	chr6_122696000_122697000	0.13566	19	-139000	1	0.182295769230769
chr6_122764000_122765000	chr6_122696000_122697000	0.131482	20	68000	1	0.182295769230769
chr6_122334000_122335000	chr6_122696000_122697000	0.131371	21	-362000	1	0.182295769230769
chr6_122317000_122318000	chr6_122696000_122697000	0.129441	22	-379000	1	0.182295769230769
chr6_122318000_122319000	chr6_122696000_122697000	0.122902	23	-378000	1	0.182295769230769
chr6_122627000_122628000	chr6_122696000_122697000	0.122155	24	-69000	1	0.182295769230769
chr6_122989000_122990000	chr6_122696000_122697000	0.121899	25	293000	1	0.182295769230769
chr6_122328000_122329000	chr6_122696000_122697000	0.120646	26	-368000	1	0.182295769230769
chr6_122463000_122464000	chr6_122696000_122697000	0.111373	27	-233000	2	0.0534417701149425
chr6_122469000_122470000	chr6_122696000_122697000	0.109516	28	-227000	2	0.0534417701149425
chr6_122706000_122707000	chr6_122696000_122697000	0.108675	29	10000	2	0.0534417701149425
chr6_122521000_122522000	chr6_122696000_122697000	0.10687	30	-175000	2	0.0534417701149425
chr6_123332000_123333000	chr6_122696000_122697000	0.105938	31	636000	2	0.0534417701149425
chr6_122598000_122599000	chr6_122696000_122697000	0.099114	32	-98000	2	0.0534417701149425
chr6_123138000_123139000	chr6_122696000_122697000	0.098468	33	442000	2	0.0534417701149425
chr6_122309000_122310000	chr6_122696000_122697000	0.094167	34	-387000	2	0.0534417701149425
chr6_122343000_122344000	chr6_122696000_122697000	0.092632	35	-353000	2	0.0534417701149425
chr6_122346000_122347000	chr6_122696000_122697000	0.092274	36	-350000	2	0.0534417701149425
chr6_123657000_123658000	chr6_122696000_122697000	0.09019	37	961000	2	0.0534417701149425
chr6_122315000_122316000	chr6_122696000_122697000	0.087846	38	-381000	2	0.0534417701149425
chr6_122356000_122357000	chr6_122696000_122697000	0.085799	39	-340000	2	0.0534417701149425
chr6_122595000_122596000	chr6_122696000_122697000	0.085714	40.5	-101000	2	0.0534417701149425
chr6_122713000_122714000	chr6_122696000_122697000	0.085714	40.5	17000	2	0.0534417701149425
chr6_122325000_122326000	chr6_122696000_122697000	0.085143	42	-371000	2	0.0534417701149425
chr6_122734000_122735000	chr6_122696000_122697000	0.082647	43	38000	2	0.0534417701149425
chr6_122729000_122730000	chr6_122696000_122697000	0.078973	44	33000	2	0.0534417701149425
chr6_122339000_122340000	chr6_122696000_122697000	0.077974	45	-357000	2	0.0534417701149425
chr6_122698000_122699000	chr6_122696000_122697000	0.076601	46	2000	2	0.0534417701149425
chr6_122336000_122337000	chr6_122696000_122697000	0.076153	47	-360000	2	0.0534417701149425
chr6_122347000_122348000	chr6_122696000_122697000	0.075658	48	-349000	2	0.0534417701149425
chr6_122628000_122629000	chr6_122696000_122697000	0.074351	49	-68000	2	0.0534417701149425
chr6_122378000_122379000	chr6_122696000_122697000	0.071063	50	-318000	2	0.0534417701149425
chr6_122699000_122700000	chr6_122696000_122697000	0.068586	51	3000	2	0.0534417701149425
chr6_122759000_122760000	chr6_122696000_122697000	0.064914	52	63000	2	0.0534417701149425
chr6_122614000_122615000	chr6_122696000_122697000	0.061731	53	-82000	2	0.0534417701149425
chr6_122770000_122771000	chr6_122696000_122697000	0.060855	54	74000	2	0.0534417701149425
chr6_122632000_122633000	chr6_122696000_122697000	0.060348	55	-64000	2	0.0534417701149425
chr6_122624000_122625000	chr6_122696000_122697000	0.060131	56	-72000	2	0.0534417701149425
chr6_122495000_122496000	chr6_122696000_122697000	0.059678	57	-201000	2	0.0534417701149425
chr6_122491000_122492000	chr6_122696000_122697000	0.057143	62	-205000	2	0.0534417701149425
chr6_122522000_122523000	chr6_122696000_122697000	0.057143	62	-174000	2	0.0534417701149425
chr6_122321000_122322000	chr6_122696000_122697000	0.057143	62	-375000	2	0.0534417701149425
chr6_122345000_122346000	chr6_122696000_122697000	0.057143	62	-351000	2	0.0534417701149425
chr6_122391000_122392000	chr6_122696000_122697000	0.057143	62	-305000	2	0.0534417701149425
chr6_122496000_122497000	chr6_122696000_122697000	0.057143	62	-200000	2	0.0534417701149425
chr6_122708000_122709000	chr6_122696000_122697000	0.057143	62	12000	2	0.0534417701149425
chr6_122782000_122783000	chr6_122696000_122697000	0.057143	62	86000	2	0.0534417701149425
chr6_122819000_122820000	chr6_122696000_122697000	0.057143	62	123000	2	0.0534417701149425
chr6_122332000_122333000	chr6_122696000_122697000	0.056967	67	-364000	2	0.0534417701149425
chr6_122636000_122637000	chr6_122696000_122697000	0.055948	68	-60000	2	0.0534417701149425
chr6_122664000_122665000	chr6_122696000_122697000	0.053114	69	-32000	2	0.0534417701149425
chr6_122298000_122299000	chr6_122696000_122697000	0.049994	70	-398000	2	0.0534417701149425
chr6_122640000_122641000	chr6_122696000_122697000	0.048415	71	-56000	2	0.0534417701149425
chr6_122795000_122796000	chr6_122696000_122697000	0.048007	72	99000	2	0.0534417701149425
chr6_122528000_122529000	chr6_122696000_122697000	0.047707	73	-168000	2	0.0534417701149425
chr6_122784000_122785000	chr6_122696000_122697000	0.045202	74	88000	2	0.0534417701149425
chr6_122259000_122260000	chr6_122696000_122697000	0.043167	75	-437000	2	0.0534417701149425
chr6_122633000_122634000	chr6_122696000_122697000	0.04282	76	-63000	2	0.0534417701149425
chr6_122660000_122661000	chr6_122696000_122697000	0.040789	77	-36000	2	0.0534417701149425
chr6_122570000_122571000	chr6_122696000_122697000	0.03997	78	-126000	2	0.0534417701149425
chr6_122310000_122311000	chr6_122696000_122697000	0.038032	79	-386000	2	0.0534417701149425
chr6_123005000_123006000	chr6_122696000_122697000	0.036802	80	309000	2	0.0534417701149425
chr6_122323000_122324000	chr6_122696000_122697000	0.03662	81	-373000	2	0.0534417701149425
chr6_122883000_122884000	chr6_122696000_122697000	0.036082	82	187000	2	0.0534417701149425
chr6_122341000_122342000	chr6_122696000_122697000	0.033195	83	-355000	2	0.0534417701149425
chr6_123327000_123328000	chr6_122696000_122697000	0.033009	84	631000	2	0.0534417701149425
chr6_122635000_122636000	chr6_122696000_122697000	0.032069	85	-61000	2	0.0534417701149425
chr6_122763000_122764000	chr6_122696000_122697000	0.031864	86	67000	2	0.0534417701149425
chr6_122780000_122781000	chr6_122696000_122697000	0.030685	87	84000	2	0.0534417701149425
chr6_122492000_122493000	chr6_122696000_122697000	0.02936	88	-204000	2	0.0534417701149425
chr6_122617000_122618000	chr6_122696000_122697000	0.028624	89	-79000	2	0.0534417701149425
chr6_122487000_122488000	chr6_122696000_122697000	0.028571	97	-209000	2	0.0534417701149425
chr6_122562000_122563000	chr6_122696000_122697000	0.028571	97	-134000	2	0.0534417701149425
chr6_123647000_123648000	chr6_122696000_122697000	0.028571	97	951000	2	0.0534417701149425
chr6_122316000_122317000	chr6_122696000_122697000	0.028571	97	-380000	2	0.0534417701149425
chr6_122546000_122547000	chr6_122696000_122697000	0.028571	97	-150000	2	0.0534417701149425
chr6_122663000_122664000	chr6_122696000_122697000	0.028571	97	-33000	2	0.0534417701149425
chr6_122666000_122667000	chr6_122696000_122697000	0.028571	97	-30000	2	0.0534417701149425
chr6_122715000_122716000	chr6_122696000_122697000	0.028571	97	19000	2	0.0534417701149425
chr6_122533000_122534000	chr6_122696000_122697000	0.028571	97	-163000	2	0.0534417701149425
chr6_122743000_122744000	chr6_122696000_122697000	0.028571	97	47000	2	0.0534417701149425
chr6_122826000_122827000	chr6_122696000_122697000	0.028571	97	130000	2	0.0534417701149425
chr6_122874000_122875000	chr6_122696000_122697000	0.028571	97	178000	2	0.0534417701149425
chr6_122485000_122486000	chr6_122696000_122697000	0.028571	97	-211000	2	0.0534417701149425
chr6_122686000_122687000	chr6_122696000_122697000	0.028571	97	-10000	2	0.0534417701149425
chr6_122739000_122740000	chr6_122696000_122697000	0.028571	97	43000	2	0.0534417701149425
chr6_122730000_122731000	chr6_122696000_122697000	0.0263	105	34000	2	0.0534417701149425
chr6_122772000_122773000	chr6_122696000_122697000	0.024869	106	76000	2	0.0534417701149425
chr6_122600000_122601000	chr6_122696000_122697000	0.02084	107	-96000	2	0.0534417701149425
chr6_122355000_122356000	chr6_122696000_122697000	0.020668	108	-341000	2	0.0534417701149425
chr6_122367000_122368000	chr6_122696000_122697000	0.0183	109	-329000	2	0.0534417701149425
chr6_122833000_122834000	chr6_122696000_122697000	0.018265	110	137000	2	0.0534417701149425
chr6_122523000_122524000	chr6_122696000_122697000	0.017685	111	-173000	2	0.0534417701149425
chr6_123696000_123697000	chr6_122696000_122697000	0.0168	112	1000000	2	0.0534417701149425
chr6_122337000_122338000	chr6_122696000_122697000	0.015317	113	-359000	2	0.0534417701149425
chr6_122690000_122691000	chr6_122696000_122697000	0.013292	114	-6000	3	-0.0256590961538462
chr6_122602000_122603000	chr6_122696000_122697000	0.009228	115	-94000	3	-0.0256590961538462
chr6_123340000_123341000	chr6_122696000_122697000	0.009173	116	644000	3	-0.0256590961538462
chr6_122393000_122394000	chr6_122696000_122697000	0.005769	117	-303000	3	-0.0256590961538462
chr6_122825000_122826000	chr6_122696000_122697000	0.004988	118	129000	3	-0.0256590961538462
chr6_122368000_122369000	chr6_122696000_122697000	0.003586	119	-328000	3	-0.0256590961538462
chr6_122811000_122812000	chr6_122696000_122697000	0.003215	120	115000	3	-0.0256590961538462
chr6_122735000_122736000	chr6_122696000_122697000	0.003024	121	39000	3	-0.0256590961538462
chr6_122471000_122472000	chr6_122696000_122697000	0.001922	122	-225000	3	-0.0256590961538462
chr6_122607000_122608000	chr6_122696000_122697000	0.0019	123	-89000	3	-0.0256590961538462
chr6_122702000_122703000	chr6_122696000_122697000	0.000279	124	6000	3	-0.0256590961538462
chr6_122320000_122321000	chr6_122696000_122697000	0	139	-376000	3	-0.0256590961538462
chr6_122810000_122811000	chr6_122696000_122697000	0	139	114000	3	-0.0256590961538462
chr6_122609000_122610000	chr6_122696000_122697000	0	139	-87000	3	-0.0256590961538462
chr6_122760000_122761000	chr6_122696000_122697000	0	139	64000	3	-0.0256590961538462
chr6_122322000_122323000	chr6_122696000_122697000	0	139	-374000	3	-0.0256590961538462
chr6_122369000_122370000	chr6_122696000_122697000	0	139	-327000	3	-0.0256590961538462
chr6_122532000_122533000	chr6_122696000_122697000	0	139	-164000	3	-0.0256590961538462
chr6_122545000_122546000	chr6_122696000_122697000	0	139	-151000	3	-0.0256590961538462
chr6_122565000_122566000	chr6_122696000_122697000	0	139	-131000	3	-0.0256590961538462
chr6_122618000_122619000	chr6_122696000_122697000	0	139	-78000	3	-0.0256590961538462
chr6_122689000_122690000	chr6_122696000_122697000	0	139	-7000	3	-0.0256590961538462
chr6_122703000_122704000	chr6_122696000_122697000	0	139	7000	3	-0.0256590961538462
chr6_122716000_122717000	chr6_122696000_122697000	0	139	20000	3	-0.0256590961538462
chr6_122719000_122720000	chr6_122696000_122697000	0	139	23000	3	-0.0256590961538462
chr6_122726000_122727000	chr6_122696000_122697000	0	139	30000	3	-0.0256590961538462
chr6_122727000_122728000	chr6_122696000_122697000	0	139	31000	3	-0.0256590961538462
chr6_122742000_122743000	chr6_122696000_122697000	0	139	46000	3	-0.0256590961538462
chr6_122744000_122745000	chr6_122696000_122697000	0	139	48000	3	-0.0256590961538462
chr6_122785000_122786000	chr6_122696000_122697000	0	139	89000	3	-0.0256590961538462
chr6_122801000_122802000	chr6_122696000_122697000	0	139	105000	3	-0.0256590961538462
chr6_122804000_122805000	chr6_122696000_122697000	0	139	108000	3	-0.0256590961538462
chr6_122821000_122822000	chr6_122696000_122697000	0	139	125000	3	-0.0256590961538462
chr6_122856000_122857000	chr6_122696000_122697000	0	139	160000	3	-0.0256590961538462
chr6_122513000_122514000	chr6_122696000_122697000	0	139	-183000	3	-0.0256590961538462
chr6_122731000_122732000	chr6_122696000_122697000	0	139	35000	3	-0.0256590961538462
chr6_122786000_122787000	chr6_122696000_122697000	0	139	90000	3	-0.0256590961538462
chr6_122828000_122829000	chr6_122696000_122697000	0	139	132000	3	-0.0256590961538462
chr6_122875000_122876000	chr6_122696000_122697000	0	139	179000	3	-0.0256590961538462
chr6_122593000_122594000	chr6_122696000_122697000	0	139	-103000	3	-0.0256590961538462
chr6_122402000_122403000	chr6_122696000_122697000	-0.002538	154	-294000	3	-0.0256590961538462
chr6_122694000_122695000	chr6_122696000_122697000	-0.004122	155	-2000	3	-0.0256590961538462
chr6_122126000_122127000	chr6_122696000_122697000	-0.004134	156	-570000	3	-0.0256590961538462
chr6_122335000_122336000	chr6_122696000_122697000	-0.005237	157	-361000	3	-0.0256590961538462
chr6_122494000_122495000	chr6_122696000_122697000	-0.008607	158	-202000	3	-0.0256590961538462
chr6_122812000_122813000	chr6_122696000_122697000	-0.012103	159	116000	3	-0.0256590961538462
chr6_122669000_122670000	chr6_122696000_122697000	-0.013783	160	-27000	3	-0.0256590961538462
chr6_122297000_122298000	chr6_122696000_122697000	-0.015133	161	-399000	3	-0.0256590961538462
chr6_122771000_122772000	chr6_122696000_122697000	-0.017081	162	75000	3	-0.0256590961538462
chr6_122344000_122345000	chr6_122696000_122697000	-0.018813	163	-352000	3	-0.0256590961538462
chr6_122732000_122733000	chr6_122696000_122697000	-0.019214	164	36000	3	-0.0256590961538462
chr6_122802000_122803000	chr6_122696000_122697000	-0.019784	165	106000	3	-0.0256590961538462
chr6_122560000_122561000	chr6_122696000_122697000	-0.020984	166	-136000	3	-0.0256590961538462
chr6_123004000_123005000	chr6_122696000_122697000	-0.021593	167	308000	3	-0.0256590961538462
chr6_122319000_122320000	chr6_122696000_122697000	-0.024562	168	-377000	3	-0.0256590961538462
chr6_122773000_122774000	chr6_122696000_122697000	-0.027276	169	77000	3	-0.0256590961538462
chr6_122392000_122393000	chr6_122696000_122697000	-0.028571	178	-304000	3	-0.0256590961538462
chr6_122662000_122663000	chr6_122696000_122697000	-0.028571	178	-34000	3	-0.0256590961538462
chr6_122661000_122662000	chr6_122696000_122697000	-0.028571	178	-35000	3	-0.0256590961538462
chr6_122709000_122710000	chr6_122696000_122697000	-0.028571	178	13000	3	-0.0256590961538462
chr6_122720000_122721000	chr6_122696000_122697000	-0.028571	178	24000	3	-0.0256590961538462
chr6_122740000_122741000	chr6_122696000_122697000	-0.028571	178	44000	3	-0.0256590961538462
chr6_122761000_122762000	chr6_122696000_122697000	-0.028571	178	65000	3	-0.0256590961538462
chr6_122768000_122769000	chr6_122696000_122697000	-0.028571	178	72000	3	-0.0256590961538462
chr6_122824000_122825000	chr6_122696000_122697000	-0.028571	178	128000	3	-0.0256590961538462
chr6_122707000_122708000	chr6_122696000_122697000	-0.028571	178	11000	3	-0.0256590961538462
chr6_122712000_122713000	chr6_122696000_122697000	-0.028571	178	16000	3	-0.0256590961538462
chr6_122741000_122742000	chr6_122696000_122697000	-0.028571	178	45000	3	-0.0256590961538462
chr6_122745000_122746000	chr6_122696000_122697000	-0.028571	178	49000	3	-0.0256590961538462
chr6_122820000_122821000	chr6_122696000_122697000	-0.028571	178	124000	3	-0.0256590961538462
chr6_123646000_123647000	chr6_122696000_122697000	-0.028571	178	950000	3	-0.0256590961538462
chr6_122366000_122367000	chr6_122696000_122697000	-0.028571	178	-330000	3	-0.0256590961538462
chr6_122610000_122611000	chr6_122696000_122697000	-0.028571	178	-86000	3	-0.0256590961538462
chr6_122553000_122554000	chr6_122696000_122697000	-0.028987	187	-143000	3	-0.0256590961538462
chr6_122486000_122487000	chr6_122696000_122697000	-0.03583	188	-210000	3	-0.0256590961538462
chr6_122869000_122870000	chr6_122696000_122697000	-0.037433	189	173000	3	-0.0256590961538462
chr6_122606000_122607000	chr6_122696000_122697000	-0.038779	190	-90000	3	-0.0256590961538462
chr6_122758000_122759000	chr6_122696000_122697000	-0.040106	191	62000	3	-0.0256590961538462
chr6_122329000_122330000	chr6_122696000_122697000	-0.042646	192	-367000	3	-0.0256590961538462
chr6_122608000_122609000	chr6_122696000_122697000	-0.047086	193	-88000	3	-0.0256590961538462
chr6_122591000_122592000	chr6_122696000_122697000	-0.048935	194	-105000	3	-0.0256590961538462
chr6_122870000_122871000	chr6_122696000_122697000	-0.053924	195	174000	3	-0.0256590961538462
chr6_122338000_122339000	chr6_122696000_122697000	-0.055307	196	-358000	3	-0.0256590961538462
chr6_122531000_122532000	chr6_122696000_122697000	-0.057143	198.5	-165000	3	-0.0256590961538462
chr6_122605000_122606000	chr6_122696000_122697000	-0.057143	198.5	-91000	3	-0.0256590961538462
chr6_122892000_122893000	chr6_122696000_122697000	-0.057143	198.5	196000	3	-0.0256590961538462
chr6_122769000_122770000	chr6_122696000_122697000	-0.057143	198.5	73000	3	-0.0256590961538462
chr6_122626000_122627000	chr6_122696000_122697000	-0.057365	201	-70000	3	-0.0256590961538462
chr6_122258000_122259000	chr6_122696000_122697000	-0.057982	202	-438000	3	-0.0256590961538462
chr6_122882000_122883000	chr6_122696000_122697000	-0.058239	203	186000	3	-0.0256590961538462
chr6_122728000_122729000	chr6_122696000_122697000	-0.059198	204	32000	3	-0.0256590961538462
chr6_122767000_122768000	chr6_122696000_122697000	-0.060569	205	71000	3	-0.0256590961538462
chr6_122766000_122767000	chr6_122696000_122697000	-0.060787	206	70000	3	-0.0256590961538462
chr6_122308000_122309000	chr6_122696000_122697000	-0.060806	207	-388000	3	-0.0256590961538462
chr6_122834000_122835000	chr6_122696000_122697000	-0.061986	208	138000	3	-0.0256590961538462
chr6_122737000_122738000	chr6_122696000_122697000	-0.064328	209	41000	3	-0.0256590961538462
chr6_122554000_122555000	chr6_122696000_122697000	-0.085714	212	-142000	3	-0.0256590961538462
chr6_122571000_122572000	chr6_122696000_122697000	-0.085714	212	-125000	3	-0.0256590961538462
chr6_122659000_122660000	chr6_122696000_122697000	-0.085714	212	-37000	3	-0.0256590961538462
chr6_122670000_122671000	chr6_122696000_122697000	-0.085714	212	-26000	3	-0.0256590961538462
chr6_122935000_122936000	chr6_122696000_122697000	-0.085714	212	239000	3	-0.0256590961538462
chr6_122342000_122343000	chr6_122696000_122697000	-0.113323	215	-354000	3	-0.0256590961538462
chr6_122505000_122506000	chr6_122696000_122697000	-0.123959	216	-191000	3	-0.0256590961538462
chr6_122314000_122315000	chr6_122696000_122697000	-0.139534	217	-382000	3	-0.0256590961538462
