interact_region	promoter_region	pred	RF_rank	distance	kmeans	clustmean
chr6_122316000_122317000	chr6_122609000_122610000	0.308549	1	-293000	1	0.172322896551724
chr6_122610000_122611000	chr6_122609000_122610000	0.296121	2	1000	1	0.172322896551724
chr6_122342000_122343000	chr6_122609000_122610000	0.261827	3	-267000	1	0.172322896551724
chr6_122664000_122665000	chr6_122609000_122610000	0.21863	4	55000	1	0.172322896551724
chr6_122315000_122316000	chr6_122609000_122610000	0.207441	5	-294000	1	0.172322896551724
chr6_122661000_122662000	chr6_122609000_122610000	0.204103	6	52000	1	0.172322896551724
chr6_122607000_122608000	chr6_122609000_122610000	0.200438	7	-2000	1	0.172322896551724
chr6_122727000_122728000	chr6_122609000_122610000	0.18304	8	118000	1	0.172322896551724
chr6_122670000_122671000	chr6_122609000_122610000	0.174455	9	61000	1	0.172322896551724
chr6_122295000_122296000	chr6_122609000_122610000	0.172696	10	-314000	1	0.172322896551724
chr6_122785000_122786000	chr6_122609000_122610000	0.168333	11	176000	1	0.172322896551724
chr6_122561000_122562000	chr6_122609000_122610000	0.168273	12	-48000	1	0.172322896551724
chr6_122707000_122708000	chr6_122609000_122610000	0.167123	13	98000	1	0.172322896551724
chr6_122624000_122625000	chr6_122609000_122610000	0.166241	14	15000	1	0.172322896551724
chr6_122591000_122592000	chr6_122609000_122610000	0.161157	15	-18000	1	0.172322896551724
chr6_122605000_122606000	chr6_122609000_122610000	0.159251	16	-4000	1	0.172322896551724
chr6_122469000_122470000	chr6_122609000_122610000	0.157974	17	-140000	1	0.172322896551724
chr6_122391000_122392000	chr6_122609000_122610000	0.146045	18	-218000	1	0.172322896551724
chr6_122606000_122607000	chr6_122609000_122610000	0.145432	19	-3000	1	0.172322896551724
chr6_122715000_122716000	chr6_122609000_122610000	0.144752	20	106000	1	0.172322896551724
chr6_122627000_122628000	chr6_122609000_122610000	0.143957	21	18000	1	0.172322896551724
chr6_122304000_122305000	chr6_122609000_122610000	0.139989	22	-305000	1	0.172322896551724
chr6_122728000_122729000	chr6_122609000_122610000	0.138993	23	119000	1	0.172322896551724
chr6_122770000_122771000	chr6_122609000_122610000	0.133586	24	161000	1	0.172322896551724
chr6_122332000_122333000	chr6_122609000_122610000	0.133222	25	-277000	1	0.172322896551724
chr6_122367000_122368000	chr6_122609000_122610000	0.132764	26	-242000	1	0.172322896551724
chr6_122402000_122403000	chr6_122609000_122610000	0.126104	27	-207000	1	0.172322896551724
chr6_122491000_122492000	chr6_122609000_122610000	0.118891	28	-118000	1	0.172322896551724
chr6_122317000_122318000	chr6_122609000_122610000	0.117977	29	-292000	1	0.172322896551724
chr6_122356000_122357000	chr6_122610000_122611000	0.397581	1	-254000	1	0.215520083333333
chr6_122609000_122610000	chr6_122610000_122611000	0.382367	2	-1000	1	0.215520083333333
chr6_122316000_122317000	chr6_122610000_122611000	0.304974	3	-294000	1	0.215520083333333
chr6_122769000_122770000	chr6_122610000_122611000	0.277571	4	159000	1	0.215520083333333
chr6_122305000_122306000	chr6_122610000_122611000	0.261699	5	-305000	1	0.215520083333333
chr6_122315000_122316000	chr6_122610000_122611000	0.256184	6	-295000	1	0.215520083333333
chr6_122463000_122464000	chr6_122610000_122611000	0.255028	7	-147000	1	0.215520083333333
chr6_122318000_122319000	chr6_122610000_122611000	0.248345	8	-292000	1	0.215520083333333
chr6_122627000_122628000	chr6_122610000_122611000	0.210255	9	17000	1	0.215520083333333
chr6_122126000_122127000	chr6_122610000_122611000	0.201031	10	-484000	1	0.215520083333333
chr6_122313000_122314000	chr6_122610000_122611000	0.190446	11	-297000	1	0.215520083333333
chr6_122334000_122335000	chr6_122610000_122611000	0.185509	12	-276000	1	0.215520083333333
chr6_122605000_122606000	chr6_122610000_122611000	0.184065	13	-5000	1	0.215520083333333
chr6_122314000_122315000	chr6_122610000_122611000	0.182456	14	-296000	1	0.215520083333333
chr6_122785000_122786000	chr6_122610000_122611000	0.181465	15	175000	1	0.215520083333333
chr6_122317000_122318000	chr6_122610000_122611000	0.17378	16	-293000	1	0.215520083333333
chr6_122561000_122562000	chr6_122610000_122611000	0.173596	17	-49000	1	0.215520083333333
chr6_122295000_122296000	chr6_122610000_122611000	0.169079	18	-315000	1	0.215520083333333
chr6_122640000_122641000	chr6_122610000_122611000	0.165622	19	30000	1	0.215520083333333
chr6_122608000_122609000	chr6_122610000_122611000	0.161351	20	-2000	1	0.215520083333333
chr6_122743000_122744000	chr6_122610000_122611000	0.156099	21	133000	1	0.215520083333333
chr6_122883000_122884000	chr6_122610000_122611000	0.153769	22	273000	1	0.215520083333333
chr6_122664000_122665000	chr6_122610000_122611000	0.150375	23	54000	1	0.215520083333333
chr6_122626000_122627000	chr6_122610000_122611000	0.149835	24	16000	1	0.215520083333333
chr6_122607000_122608000	chr6_122624000_122625000	0.345173	1	-17000	1	0.189332333333333
chr6_122716000_122717000	chr6_122624000_122625000	0.303984	2	92000	1	0.189332333333333
chr6_123328000_123329000	chr6_122624000_122625000	0.270579	3	704000	1	0.189332333333333
chr6_122315000_122316000	chr6_122624000_122625000	0.235003	4	-309000	1	0.189332333333333
chr6_122626000_122627000	chr6_122624000_122625000	0.232909	5	2000	1	0.189332333333333
chr6_122661000_122662000	chr6_122624000_122625000	0.218148	6	37000	1	0.189332333333333
chr6_122314000_122315000	chr6_122624000_122625000	0.208235	7	-310000	1	0.189332333333333
chr6_122295000_122296000	chr6_122624000_122625000	0.200081	8	-329000	1	0.189332333333333
chr6_122317000_122318000	chr6_122624000_122625000	0.189749	9	-307000	1	0.189332333333333
chr6_122608000_122609000	chr6_122624000_122625000	0.185169	10	-16000	1	0.189332333333333
chr6_122698000_122699000	chr6_122624000_122625000	0.184162	11	74000	1	0.189332333333333
chr6_122316000_122317000	chr6_122624000_122625000	0.180285	12	-308000	1	0.189332333333333
chr6_122780000_122781000	chr6_122624000_122625000	0.164833	13	156000	1	0.189332333333333
chr6_122715000_122716000	chr6_122624000_122625000	0.162913	14	91000	1	0.189332333333333
chr6_122625000_122626000	chr6_122624000_122625000	0.15727	15	1000	1	0.189332333333333
chr6_122342000_122343000	chr6_122624000_122625000	0.15723	16	-282000	1	0.189332333333333
chr6_122365000_122366000	chr6_122624000_122625000	0.149801	17	-259000	1	0.189332333333333
chr6_122328000_122329000	chr6_122624000_122625000	0.149689	18	-296000	1	0.189332333333333
chr6_123327000_123328000	chr6_122624000_122625000	0.147492	19	703000	1	0.189332333333333
chr6_122126000_122127000	chr6_122624000_122625000	0.147455	20	-498000	1	0.189332333333333
chr6_122728000_122729000	chr6_122624000_122625000	0.145847	21	104000	1	0.189332333333333
chr6_122391000_122392000	chr6_122624000_122625000	0.140524	22	-233000	1	0.189332333333333
chr6_122471000_122472000	chr6_122624000_122625000	0.137727	23	-153000	1	0.189332333333333
chr6_122699000_122700000	chr6_122624000_122625000	0.129718	24	75000	1	0.189332333333333
chr6_122463000_122464000	chr6_122625000_122626000	0.316129	1	-162000	1	0.173700965517241
chr6_122439000_122440000	chr6_122625000_122626000	0.31181	2	-186000	1	0.173700965517241
chr6_122356000_122357000	chr6_122625000_122626000	0.257575	3	-269000	1	0.173700965517241
chr6_122640000_122641000	chr6_122625000_122626000	0.227448	4	15000	1	0.173700965517241
chr6_122882000_122883000	chr6_122625000_122626000	0.224764	5	257000	1	0.173700965517241
chr6_122325000_122326000	chr6_122625000_122626000	0.22194	6	-300000	1	0.173700965517241
chr6_122402000_122403000	chr6_122625000_122626000	0.214924	7	-223000	1	0.173700965517241
chr6_122305000_122306000	chr6_122625000_122626000	0.205762	8	-320000	1	0.173700965517241
chr6_122319000_122320000	chr6_122625000_122626000	0.187935	9	-306000	1	0.173700965517241
chr6_122314000_122315000	chr6_122625000_122626000	0.186655	10	-311000	1	0.173700965517241
chr6_122322000_122323000	chr6_122625000_122626000	0.184196	11	-303000	1	0.173700965517241
chr6_122329000_122330000	chr6_122625000_122626000	0.176446	12	-296000	1	0.173700965517241
chr6_122696000_122697000	chr6_122625000_122626000	0.163591	13	71000	1	0.173700965517241
chr6_122469000_122470000	chr6_122625000_122626000	0.150472	14	-156000	1	0.173700965517241
chr6_122666000_122667000	chr6_122625000_122626000	0.146243	15	41000	1	0.173700965517241
chr6_122391000_122392000	chr6_122625000_122626000	0.145595	16	-234000	1	0.173700965517241
chr6_122801000_122802000	chr6_122625000_122626000	0.145547	17	176000	1	0.173700965517241
chr6_122315000_122316000	chr6_122625000_122626000	0.145222	18	-310000	1	0.173700965517241
chr6_122667000_122668000	chr6_122625000_122626000	0.14265	19	42000	1	0.173700965517241
chr6_122304000_122305000	chr6_122625000_122626000	0.13719	20	-321000	1	0.173700965517241
chr6_122323000_122324000	chr6_122625000_122626000	0.13608	21	-302000	1	0.173700965517241
chr6_122720000_122721000	chr6_122625000_122626000	0.135051	22	95000	1	0.173700965517241
chr6_122698000_122699000	chr6_122625000_122626000	0.132163	23	73000	1	0.173700965517241
chr6_122328000_122329000	chr6_122625000_122626000	0.130001	24	-297000	1	0.173700965517241
chr6_122560000_122561000	chr6_122625000_122626000	0.126685	25	-65000	1	0.173700965517241
chr6_123137000_123138000	chr6_122625000_122626000	0.126284	26	512000	1	0.173700965517241
chr6_122699000_122700000	chr6_122625000_122626000	0.124141	27	74000	1	0.173700965517241
chr6_122295000_122296000	chr6_122625000_122626000	0.117813	28	-330000	1	0.173700965517241
chr6_122739000_122740000	chr6_122625000_122626000	0.117016	29	114000	1	0.173700965517241
chr6_122606000_122607000	chr6_122626000_122627000	0.407462	1	-20000	1	0.1859758
chr6_122716000_122717000	chr6_122626000_122627000	0.263003	2	90000	1	0.1859758
chr6_122313000_122314000	chr6_122626000_122627000	0.243247	3	-313000	1	0.1859758
chr6_122487000_122488000	chr6_122626000_122627000	0.238676	4	-139000	1	0.1859758
chr6_122316000_122317000	chr6_122626000_122627000	0.234815	5	-310000	1	0.1859758
chr6_122715000_122716000	chr6_122626000_122627000	0.219439	6	89000	1	0.1859758
chr6_122343000_122344000	chr6_122626000_122627000	0.206396	7	-283000	1	0.1859758
chr6_122609000_122610000	chr6_122626000_122627000	0.205274	8	-17000	1	0.1859758
chr6_122486000_122487000	chr6_122626000_122627000	0.201147	9	-140000	1	0.1859758
chr6_122762000_122763000	chr6_122626000_122627000	0.194358	10	136000	1	0.1859758
chr6_122126000_122127000	chr6_122626000_122627000	0.191851	11	-500000	1	0.1859758
chr6_122731000_122732000	chr6_122626000_122627000	0.178021	12	105000	1	0.1859758
chr6_122523000_122524000	chr6_122626000_122627000	0.177422	13	-103000	1	0.1859758
chr6_122471000_122472000	chr6_122626000_122627000	0.17511	14	-155000	1	0.1859758
chr6_122317000_122318000	chr6_122626000_122627000	0.171219	15	-309000	1	0.1859758
chr6_122607000_122608000	chr6_122626000_122627000	0.169618	16	-19000	1	0.1859758
chr6_122729000_122730000	chr6_122626000_122627000	0.165226	17	103000	1	0.1859758
chr6_122763000_122764000	chr6_122626000_122627000	0.163017	18	137000	1	0.1859758
chr6_122391000_122392000	chr6_122626000_122627000	0.159549	19	-235000	1	0.1859758
chr6_122624000_122625000	chr6_122626000_122627000	0.156711	20	-2000	1	0.1859758
chr6_122314000_122315000	chr6_122626000_122627000	0.15408	21	-312000	1	0.1859758
chr6_122741000_122742000	chr6_122626000_122627000	0.15182	22	115000	1	0.1859758
chr6_122605000_122606000	chr6_122626000_122627000	0.148944	23	-21000	1	0.1859758
chr6_122378000_122379000	chr6_122626000_122627000	0.148641	24	-248000	1	0.1859758
chr6_122734000_122735000	chr6_122626000_122627000	0.148354	25	108000	1	0.1859758
chr6_122329000_122330000	chr6_122626000_122627000	0.146647	26	-297000	1	0.1859758
chr6_122347000_122348000	chr6_122626000_122627000	0.144808	27	-279000	1	0.1859758
chr6_122312000_122313000	chr6_122626000_122627000	0.142881	28	-314000	1	0.1859758
chr6_122298000_122299000	chr6_122626000_122627000	0.136088	29	-328000	1	0.1859758
chr6_122661000_122662000	chr6_122626000_122627000	0.13545	30	35000	1	0.1859758
chr6_122628000_122629000	chr6_122627000_122628000	0.4083	1	1000	1	0.161700025
chr6_122605000_122606000	chr6_122627000_122628000	0.34892	2	-22000	1	0.161700025
chr6_122522000_122523000	chr6_122627000_122628000	0.253251	3	-105000	1	0.161700025
chr6_122523000_122524000	chr6_122627000_122628000	0.223364	4	-104000	1	0.161700025
chr6_122317000_122318000	chr6_122627000_122628000	0.188488	5	-310000	1	0.161700025
chr6_122690000_122691000	chr6_122627000_122628000	0.185319	6	63000	1	0.161700025
chr6_122533000_122534000	chr6_122627000_122628000	0.183768	7	-94000	1	0.161700025
chr6_122802000_122803000	chr6_122627000_122628000	0.178961	8	175000	1	0.161700025
chr6_122304000_122305000	chr6_122627000_122628000	0.17893	9	-323000	1	0.161700025
chr6_122463000_122464000	chr6_122627000_122628000	0.178083	10	-164000	1	0.161700025
chr6_122343000_122344000	chr6_122627000_122628000	0.174432	11	-284000	1	0.161700025
chr6_122341000_122342000	chr6_122627000_122628000	0.172232	12	-286000	1	0.161700025
chr6_122610000_122611000	chr6_122627000_122628000	0.170455	13	-17000	1	0.161700025
chr6_122126000_122127000	chr6_122627000_122628000	0.16746	14	-501000	1	0.161700025
chr6_122318000_122319000	chr6_122627000_122628000	0.159927	15	-309000	1	0.161700025
chr6_122626000_122627000	chr6_122627000_122628000	0.159454	16	-1000	1	0.161700025
chr6_123328000_123329000	chr6_122627000_122628000	0.152379	17	701000	1	0.161700025
chr6_122561000_122562000	chr6_122627000_122628000	0.151825	18	-66000	1	0.161700025
chr6_122784000_122785000	chr6_122627000_122628000	0.150927	19	157000	1	0.161700025
chr6_122828000_122829000	chr6_122627000_122628000	0.150459	20	201000	1	0.161700025
chr6_122297000_122298000	chr6_122627000_122628000	0.143323	21	-330000	1	0.161700025
chr6_122745000_122746000	chr6_122627000_122628000	0.141604	22	118000	1	0.161700025
chr6_122391000_122392000	chr6_122627000_122628000	0.138836	23	-236000	1	0.161700025
chr6_122365000_122366000	chr6_122627000_122628000	0.137512	24	-262000	1	0.161700025
chr6_122606000_122607000	chr6_122627000_122628000	0.13496	25	-21000	1	0.161700025
chr6_122486000_122487000	chr6_122627000_122628000	0.132871	26	-141000	1	0.161700025
chr6_122729000_122730000	chr6_122627000_122628000	0.132378	27	102000	1	0.161700025
chr6_122820000_122821000	chr6_122627000_122628000	0.130424	28	193000	1	0.161700025
chr6_122366000_122367000	chr6_122627000_122628000	0.130376	29	-261000	1	0.161700025
chr6_122332000_122333000	chr6_122627000_122628000	0.126635	30	-295000	1	0.161700025
chr6_122608000_122609000	chr6_122627000_122628000	0.125304	31	-19000	1	0.161700025
chr6_122298000_122299000	chr6_122627000_122628000	0.12445	32	-329000	1	0.161700025
chr6_122659000_122660000	chr6_122627000_122628000	0.122507	33	32000	1	0.161700025
chr6_122633000_122634000	chr6_122627000_122628000	0.120032	34	6000	1	0.161700025
chr6_122329000_122330000	chr6_122627000_122628000	0.119792	35	-298000	1	0.161700025
chr6_122740000_122741000	chr6_122627000_122628000	0.116756	36	113000	1	0.161700025
chr6_122521000_122522000	chr6_122627000_122628000	0.113764	37	-106000	1	0.161700025
chr6_122487000_122488000	chr6_122627000_122628000	0.113266	38	-140000	1	0.161700025
chr6_122744000_122745000	chr6_122627000_122628000	0.113156	39	117000	1	0.161700025
chr6_122670000_122671000	chr6_122627000_122628000	0.113121	40	43000	1	0.161700025
chr6_122333000_122334000	chr6_122696000_122697000	0.342327	1	-363000	1	0.182295769230769
chr6_122295000_122296000	chr6_122696000_122697000	0.308734	2	-401000	1	0.182295769230769
chr6_122439000_122440000	chr6_122696000_122697000	0.279779	3	-257000	1	0.182295769230769
chr6_123137000_123138000	chr6_122696000_122697000	0.241985	4	441000	1	0.182295769230769
chr6_122313000_122314000	chr6_122696000_122697000	0.240288	5	-383000	1	0.182295769230769
chr6_122365000_122366000	chr6_122696000_122697000	0.226309	6	-331000	1	0.182295769230769
chr6_122667000_122668000	chr6_122696000_122697000	0.224048	7	-29000	1	0.182295769230769
chr6_122653000_122654000	chr6_122696000_122697000	0.214806	8	-43000	1	0.182295769230769
chr6_122765000_122766000	chr6_122696000_122697000	0.198278	9	69000	1	0.182295769230769
chr6_122312000_122313000	chr6_122696000_122697000	0.193615	10	-384000	1	0.182295769230769
chr6_123328000_123329000	chr6_122696000_122697000	0.173178	11	632000	1	0.182295769230769
chr6_122561000_122562000	chr6_122696000_122697000	0.16318	12	-135000	1	0.182295769230769
chr6_122331000_122332000	chr6_122696000_122697000	0.161458	13	-365000	1	0.182295769230769
chr6_122305000_122306000	chr6_122696000_122697000	0.159642	14	-391000	1	0.182295769230769
chr6_122340000_122341000	chr6_122696000_122697000	0.152949	15	-356000	1	0.182295769230769
chr6_122762000_122763000	chr6_122696000_122697000	0.150554	16	66000	1	0.182295769230769
chr6_122304000_122305000	chr6_122696000_122697000	0.147084	17	-392000	1	0.182295769230769
chr6_122625000_122626000	chr6_122696000_122697000	0.14592	18	-71000	1	0.182295769230769
chr6_122557000_122558000	chr6_122696000_122697000	0.13566	19	-139000	1	0.182295769230769
chr6_122764000_122765000	chr6_122696000_122697000	0.131482	20	68000	1	0.182295769230769
chr6_122334000_122335000	chr6_122696000_122697000	0.131371	21	-362000	1	0.182295769230769
chr6_122317000_122318000	chr6_122696000_122697000	0.129441	22	-379000	1	0.182295769230769
chr6_122318000_122319000	chr6_122696000_122697000	0.122902	23	-378000	1	0.182295769230769
chr6_122627000_122628000	chr6_122696000_122697000	0.122155	24	-69000	1	0.182295769230769
chr6_122989000_122990000	chr6_122696000_122697000	0.121899	25	293000	1	0.182295769230769
chr6_122328000_122329000	chr6_122696000_122697000	0.120646	26	-368000	1	0.182295769230769
chr6_122378000_122379000	chr6_122698000_122699000	0.392651	1	-320000	1	0.172819588235294
chr6_122323000_122324000	chr6_122698000_122699000	0.25022	2	-375000	1	0.172819588235294
chr6_123137000_123138000	chr6_122698000_122699000	0.233978	3	439000	1	0.172819588235294
chr6_122314000_122315000	chr6_122698000_122699000	0.229755	4	-384000	1	0.172819588235294
chr6_122463000_122464000	chr6_122698000_122699000	0.224558	5	-235000	1	0.172819588235294
chr6_122745000_122746000	chr6_122698000_122699000	0.224512	6	47000	1	0.172819588235294
chr6_122653000_122654000	chr6_122698000_122699000	0.220107	7	-45000	1	0.172819588235294
chr6_122780000_122781000	chr6_122698000_122699000	0.208261	8	82000	1	0.172819588235294
chr6_122393000_122394000	chr6_122698000_122699000	0.207721	9	-305000	1	0.172819588235294
chr6_122335000_122336000	chr6_122698000_122699000	0.199563	10	-363000	1	0.172819588235294
chr6_122469000_122470000	chr6_122698000_122699000	0.196802	11	-229000	1	0.172819588235294
chr6_122772000_122773000	chr6_122698000_122699000	0.184975	12	74000	1	0.172819588235294
chr6_122763000_122764000	chr6_122698000_122699000	0.178702	13	65000	1	0.172819588235294
chr6_122334000_122335000	chr6_122698000_122699000	0.170369	14	-364000	1	0.172819588235294
chr6_122729000_122730000	chr6_122698000_122699000	0.161808	15	31000	1	0.172819588235294
chr6_122485000_122486000	chr6_122698000_122699000	0.160443	16	-213000	1	0.172819588235294
chr6_122744000_122745000	chr6_122698000_122699000	0.159296	17	46000	1	0.172819588235294
chr6_122347000_122348000	chr6_122698000_122699000	0.158717	18	-351000	1	0.172819588235294
chr6_122696000_122697000	chr6_122698000_122699000	0.155524	19	-2000	1	0.172819588235294
chr6_122315000_122316000	chr6_122698000_122699000	0.149754	20	-383000	1	0.172819588235294
chr6_122491000_122492000	chr6_122698000_122699000	0.145926	21	-207000	1	0.172819588235294
chr6_123138000_123139000	chr6_122698000_122699000	0.141522	22	440000	1	0.172819588235294
chr6_122259000_122260000	chr6_122698000_122699000	0.139455	23	-439000	1	0.172819588235294
chr6_122321000_122322000	chr6_122698000_122699000	0.137638	24	-377000	1	0.172819588235294
chr6_122356000_122357000	chr6_122698000_122699000	0.134523	25	-342000	1	0.172819588235294
chr6_122659000_122660000	chr6_122698000_122699000	0.130424	26	-39000	1	0.172819588235294
chr6_123328000_123329000	chr6_122698000_122699000	0.128621	27	630000	1	0.172819588235294
chr6_122304000_122305000	chr6_122698000_122699000	0.127069	28	-394000	1	0.172819588235294
chr6_122298000_122299000	chr6_122698000_122699000	0.124644	29	-400000	1	0.172819588235294
chr6_122305000_122306000	chr6_122698000_122699000	0.123181	30	-393000	1	0.172819588235294
chr6_122625000_122626000	chr6_122698000_122699000	0.122893	31	-73000	1	0.172819588235294
chr6_122727000_122728000	chr6_122698000_122699000	0.121929	32	29000	1	0.172819588235294
chr6_122614000_122615000	chr6_122698000_122699000	0.115286	33	-84000	1	0.172819588235294
chr6_123697000_123698000	chr6_122698000_122699000	0.115039	34	999000	1	0.172819588235294
chr6_122521000_122522000	chr6_122699000_122700000	0.487351	1	-178000	1	0.224569545454545
chr6_122605000_122606000	chr6_122699000_122700000	0.284435	2	-94000	1	0.224569545454545
chr6_122319000_122320000	chr6_122699000_122700000	0.247807	3	-380000	1	0.224569545454545
chr6_122869000_122870000	chr6_122699000_122700000	0.228399	4	170000	1	0.224569545454545
chr6_122335000_122336000	chr6_122699000_122700000	0.208372	5	-364000	1	0.224569545454545
chr6_122336000_122337000	chr6_122699000_122700000	0.195008	6	-363000	1	0.224569545454545
chr6_122393000_122394000	chr6_122699000_122700000	0.194353	7	-306000	1	0.224569545454545
chr6_122625000_122626000	chr6_122699000_122700000	0.165607	8	-74000	1	0.224569545454545
chr6_122628000_122629000	chr6_122699000_122700000	0.15451	9	-71000	1	0.224569545454545
chr6_122346000_122347000	chr6_122699000_122700000	0.153763	10	-353000	1	0.224569545454545
chr6_122653000_122654000	chr6_122699000_122700000	0.15066	11	-46000	1	0.224569545454545
chr6_122707000_122708000	chr6_122706000_122707000	0.664132	1	1000	1	0.5137205
chr6_122340000_122341000	chr6_122706000_122707000	0.363309	2	-366000	1	0.5137205
chr6_122706000_122707000	chr6_122707000_122708000	0.467827	1	-1000	1	0.336301571428571
chr6_123004000_123005000	chr6_122707000_122708000	0.461598	2	297000	1	0.336301571428571
chr6_122715000_122716000	chr6_122707000_122708000	0.376748	3	8000	1	0.336301571428571
chr6_122342000_122343000	chr6_122707000_122708000	0.322924	4	-365000	1	0.336301571428571
chr6_122341000_122342000	chr6_122707000_122708000	0.251256	5	-366000	1	0.336301571428571
chr6_123646000_123647000	chr6_122707000_122708000	0.24949	6	939000	1	0.336301571428571
chr6_122728000_122729000	chr6_122707000_122708000	0.224268	7	21000	1	0.336301571428571
chr6_122709000_122710000	chr6_122708000_122709000	0.631175	1	1000	1	0.45782175
chr6_122706000_122707000	chr6_122708000_122709000	0.533672	2	-2000	1	0.45782175
chr6_122365000_122366000	chr6_122708000_122709000	0.340019	3	-343000	1	0.45782175
chr6_122667000_122668000	chr6_122708000_122709000	0.326421	4	-41000	1	0.45782175
chr6_122728000_122729000	chr6_122732000_122733000	0.378895	1	-4000	1	0.202679307692308
chr6_122734000_122735000	chr6_122732000_122733000	0.288373	2	2000	1	0.202679307692308
chr6_122729000_122730000	chr6_122732000_122733000	0.275766	3	-3000	1	0.202679307692308
chr6_122715000_122716000	chr6_122732000_122733000	0.274906	4	-17000	1	0.202679307692308
chr6_122727000_122728000	chr6_122732000_122733000	0.249746	5	-5000	1	0.202679307692308
chr6_123005000_123006000	chr6_122732000_122733000	0.243404	6	273000	1	0.202679307692308
chr6_122707000_122708000	chr6_122732000_122733000	0.23043	7	-25000	1	0.202679307692308
chr6_122686000_122687000	chr6_122732000_122733000	0.219384	8	-46000	1	0.202679307692308
chr6_122347000_122348000	chr6_122732000_122733000	0.207965	9	-385000	1	0.202679307692308
chr6_122626000_122627000	chr6_122732000_122733000	0.20064	10	-106000	1	0.202679307692308
chr6_122471000_122472000	chr6_122732000_122733000	0.200201	11	-261000	1	0.202679307692308
chr6_122731000_122732000	chr6_122732000_122733000	0.194698	12	-1000	1	0.202679307692308
chr6_122735000_122736000	chr6_122732000_122733000	0.194388	13	3000	1	0.202679307692308
chr6_122716000_122717000	chr6_122732000_122733000	0.19369	14	-16000	1	0.202679307692308
chr6_122591000_122592000	chr6_122732000_122733000	0.186553	15	-141000	1	0.202679307692308
chr6_122770000_122771000	chr6_122732000_122733000	0.185217	16	38000	1	0.202679307692308
chr6_122726000_122727000	chr6_122732000_122733000	0.174607	17	-6000	1	0.202679307692308
chr6_122712000_122713000	chr6_122732000_122733000	0.164543	18	-20000	1	0.202679307692308
chr6_122632000_122633000	chr6_122732000_122733000	0.161881	19	-100000	1	0.202679307692308
chr6_122708000_122709000	chr6_122732000_122733000	0.161526	20	-24000	1	0.202679307692308
chr6_122730000_122731000	chr6_122732000_122733000	0.154526	21	-2000	1	0.202679307692308
chr6_122346000_122347000	chr6_122732000_122733000	0.152842	22	-386000	1	0.202679307692308
chr6_122745000_122746000	chr6_122732000_122733000	0.150989	23	13000	1	0.202679307692308
chr6_122706000_122707000	chr6_122732000_122733000	0.14722	24	-26000	1	0.202679307692308
chr6_122763000_122764000	chr6_122732000_122733000	0.143899	25	31000	1	0.202679307692308
chr6_122744000_122745000	chr6_122732000_122733000	0.133373	26	12000	1	0.202679307692308
chr6_122605000_122606000	chr6_122734000_122735000	0.290749	1	-129000	1	0.167210368421053
chr6_122727000_122728000	chr6_122734000_122735000	0.282248	2	-7000	1	0.167210368421053
chr6_122744000_122745000	chr6_122734000_122735000	0.256985	3	10000	1	0.167210368421053
chr6_122728000_122729000	chr6_122734000_122735000	0.247676	4	-6000	1	0.167210368421053
chr6_122726000_122727000	chr6_122734000_122735000	0.241993	5	-8000	1	0.167210368421053
chr6_122347000_122348000	chr6_122734000_122735000	0.224604	6	-387000	1	0.167210368421053
chr6_122632000_122633000	chr6_122734000_122735000	0.221309	7	-102000	1	0.167210368421053
chr6_122628000_122629000	chr6_122734000_122735000	0.202324	8	-106000	1	0.167210368421053
chr6_122737000_122738000	chr6_122734000_122735000	0.200351	9	3000	1	0.167210368421053
chr6_122295000_122296000	chr6_122734000_122735000	0.19156	10	-439000	1	0.167210368421053
chr6_122715000_122716000	chr6_122734000_122735000	0.188119	11	-19000	1	0.167210368421053
chr6_122528000_122529000	chr6_122734000_122735000	0.184519	12	-206000	1	0.167210368421053
chr6_122356000_122357000	chr6_122734000_122735000	0.181622	13	-378000	1	0.167210368421053
chr6_122624000_122625000	chr6_122734000_122735000	0.177315	14	-110000	1	0.167210368421053
chr6_122463000_122464000	chr6_122734000_122735000	0.171279	15	-271000	1	0.167210368421053
chr6_122606000_122607000	chr6_122734000_122735000	0.160821	16	-128000	1	0.167210368421053
chr6_122323000_122324000	chr6_122734000_122735000	0.155607	17	-411000	1	0.167210368421053
chr6_122626000_122627000	chr6_122734000_122735000	0.152917	18	-108000	1	0.167210368421053
chr6_122707000_122708000	chr6_122734000_122735000	0.152627	19	-27000	1	0.167210368421053
chr6_122729000_122730000	chr6_122734000_122735000	0.152193	20	-5000	1	0.167210368421053
chr6_122339000_122340000	chr6_122734000_122735000	0.149495	21	-395000	1	0.167210368421053
chr6_122471000_122472000	chr6_122734000_122735000	0.149144	22	-263000	1	0.167210368421053
chr6_122522000_122523000	chr6_122734000_122735000	0.14791	23	-212000	1	0.167210368421053
chr6_122627000_122628000	chr6_122734000_122735000	0.146031	24	-107000	1	0.167210368421053
chr6_122328000_122329000	chr6_122734000_122735000	0.14467	25	-406000	1	0.167210368421053
chr6_122732000_122733000	chr6_122734000_122735000	0.142208	26	-2000	1	0.167210368421053
chr6_122743000_122744000	chr6_122734000_122735000	0.131439	27	9000	1	0.167210368421053
chr6_122533000_122534000	chr6_122734000_122735000	0.12778	28	-201000	1	0.167210368421053
chr6_122768000_122769000	chr6_122734000_122735000	0.126812	29	34000	1	0.167210368421053
chr6_122664000_122665000	chr6_122734000_122735000	0.12229	30	-70000	1	0.167210368421053
chr6_122636000_122637000	chr6_122734000_122735000	0.119551	31	-98000	1	0.167210368421053
chr6_122318000_122319000	chr6_122734000_122735000	0.11937	32	-416000	1	0.167210368421053
chr6_122739000_122740000	chr6_122734000_122735000	0.118443	33	5000	1	0.167210368421053
chr6_122491000_122492000	chr6_122734000_122735000	0.116208	34	-243000	1	0.167210368421053
chr6_122355000_122356000	chr6_122734000_122735000	0.114662	35	-379000	1	0.167210368421053
chr6_122767000_122768000	chr6_122734000_122735000	0.114286	36	33000	1	0.167210368421053
chr6_122298000_122299000	chr6_122734000_122735000	0.113575	37	-436000	1	0.167210368421053
chr6_122341000_122342000	chr6_122734000_122735000	0.113302	38	-393000	1	0.167210368421053
chr6_122259000_122260000	chr6_122741000_122742000	0.268701	1	-482000	1	0.166549172413793
chr6_122820000_122821000	chr6_122741000_122742000	0.221691	2	79000	1	0.166549172413793
chr6_122669000_122670000	chr6_122741000_122742000	0.218586	3	-72000	1	0.166549172413793
chr6_122761000_122762000	chr6_122741000_122742000	0.217838	4	20000	1	0.166549172413793
chr6_122309000_122310000	chr6_122741000_122742000	0.212137	5	-432000	1	0.166549172413793
chr6_122874000_122875000	chr6_122741000_122742000	0.208666	6	133000	1	0.166549172413793
chr6_122533000_122534000	chr6_122741000_122742000	0.206136	7	-208000	1	0.166549172413793
chr6_122740000_122741000	chr6_122741000_122742000	0.19893	8	-1000	1	0.166549172413793
chr6_122826000_122827000	chr6_122741000_122742000	0.183077	9	85000	1	0.166549172413793
chr6_122760000_122761000	chr6_122741000_122742000	0.182541	10	19000	1	0.166549172413793
chr6_122368000_122369000	chr6_122741000_122742000	0.178822	11	-373000	1	0.166549172413793
chr6_122546000_122547000	chr6_122741000_122742000	0.176135	12	-195000	1	0.166549172413793
chr6_122719000_122720000	chr6_122741000_122742000	0.175028	13	-22000	1	0.166549172413793
chr6_122769000_122770000	chr6_122741000_122742000	0.170495	14	28000	1	0.166549172413793
chr6_122812000_122813000	chr6_122741000_122742000	0.164146	15	71000	1	0.166549172413793
chr6_122821000_122822000	chr6_122741000_122742000	0.163541	16	80000	1	0.166549172413793
chr6_122258000_122259000	chr6_122741000_122742000	0.153041	17	-483000	1	0.166549172413793
chr6_122496000_122497000	chr6_122741000_122742000	0.150317	18	-245000	1	0.166549172413793
chr6_122804000_122805000	chr6_122741000_122742000	0.146266	19	63000	1	0.166549172413793
chr6_122892000_122893000	chr6_122741000_122742000	0.140548	20	151000	1	0.166549172413793
chr6_123657000_123658000	chr6_122741000_122742000	0.131414	21	916000	1	0.166549172413793
chr6_122337000_122338000	chr6_122741000_122742000	0.128948	22	-404000	1	0.166549172413793
chr6_122494000_122495000	chr6_122741000_122742000	0.126797	23	-247000	1	0.166549172413793
chr6_122344000_122345000	chr6_122741000_122742000	0.124294	24	-397000	1	0.166549172413793
chr6_122560000_122561000	chr6_122741000_122742000	0.122606	25	-181000	1	0.166549172413793
chr6_122824000_122825000	chr6_122741000_122742000	0.12233	26	83000	1	0.166549172413793
chr6_122304000_122305000	chr6_122741000_122742000	0.115834	27	-437000	1	0.166549172413793
chr6_122295000_122296000	chr6_122741000_122742000	0.112488	28	-446000	1	0.166549172413793
chr6_122305000_122306000	chr6_122741000_122742000	0.108573	29	-436000	1	0.166549172413793
chr6_122743000_122744000	chr6_122742000_122743000	0.602432	1	1000	1	0.31356825
chr6_122486000_122487000	chr6_122742000_122743000	0.367379	2	-256000	1	0.31356825
chr6_122764000_122765000	chr6_122742000_122743000	0.307989	3	22000	1	0.31356825
chr6_122702000_122703000	chr6_122742000_122743000	0.297662	4	-40000	1	0.31356825
chr6_123657000_123658000	chr6_122742000_122743000	0.246248	5	915000	1	0.31356825
chr6_122491000_122492000	chr6_122742000_122743000	0.244223	6	-251000	1	0.31356825
chr6_122391000_122392000	chr6_122742000_122743000	0.231247	7	-351000	1	0.31356825
chr6_122339000_122340000	chr6_122742000_122743000	0.211366	8	-403000	1	0.31356825
chr6_122742000_122743000	chr6_122743000_122744000	0.393624	1	-1000	1	0.214891904761905
chr6_122492000_122493000	chr6_122743000_122744000	0.311752	2	-251000	1	0.214891904761905
chr6_123138000_123139000	chr6_122743000_122744000	0.2624	3	395000	1	0.214891904761905
chr6_122486000_122487000	chr6_122743000_122744000	0.249739	4	-257000	1	0.214891904761905
chr6_122737000_122738000	chr6_122743000_122744000	0.240857	5	-6000	1	0.214891904761905
chr6_122491000_122492000	chr6_122743000_122744000	0.237341	6	-252000	1	0.214891904761905
chr6_122744000_122745000	chr6_122743000_122744000	0.223107	7	1000	1	0.214891904761905
chr6_122726000_122727000	chr6_122743000_122744000	0.219638	8	-17000	1	0.214891904761905
chr6_122767000_122768000	chr6_122743000_122744000	0.211582	9	24000	1	0.214891904761905
chr6_122485000_122486000	chr6_122743000_122744000	0.210459	10	-258000	1	0.214891904761905
chr6_122763000_122764000	chr6_122743000_122744000	0.201794	11	20000	1	0.214891904761905
chr6_122764000_122765000	chr6_122743000_122744000	0.193216	12	21000	1	0.214891904761905
chr6_122341000_122342000	chr6_122743000_122744000	0.192485	13	-402000	1	0.214891904761905
chr6_122126000_122127000	chr6_122743000_122744000	0.191121	14	-617000	1	0.214891904761905
chr6_122729000_122730000	chr6_122743000_122744000	0.187715	15	-14000	1	0.214891904761905
chr6_122628000_122629000	chr6_122743000_122744000	0.180161	16	-115000	1	0.214891904761905
chr6_122731000_122732000	chr6_122743000_122744000	0.165782	17	-12000	1	0.214891904761905
chr6_122784000_122785000	chr6_122743000_122744000	0.165261	18	41000	1	0.214891904761905
chr6_122667000_122668000	chr6_122743000_122744000	0.162314	19	-76000	1	0.214891904761905
chr6_122734000_122735000	chr6_122743000_122744000	0.157616	20	-9000	1	0.214891904761905
chr6_122561000_122562000	chr6_122743000_122744000	0.154766	21	-182000	1	0.214891904761905
chr6_122735000_122736000	chr6_122780000_122781000	0.297612	1	-45000	1	0.197397227272727
chr6_122730000_122731000	chr6_122780000_122781000	0.295816	2	-50000	1	0.197397227272727
chr6_122708000_122709000	chr6_122780000_122781000	0.291742	3	-72000	1	0.197397227272727
chr6_122731000_122732000	chr6_122780000_122781000	0.268324	4	-49000	1	0.197397227272727
chr6_122729000_122730000	chr6_122780000_122781000	0.220508	5	-51000	1	0.197397227272727
chr6_122726000_122727000	chr6_122780000_122781000	0.220472	6	-54000	1	0.197397227272727
chr6_122734000_122735000	chr6_122780000_122781000	0.217994	7	-46000	1	0.197397227272727
chr6_122486000_122487000	chr6_122780000_122781000	0.211346	8	-294000	1	0.197397227272727
chr6_122785000_122786000	chr6_122780000_122781000	0.209191	9	5000	1	0.197397227272727
chr6_122607000_122608000	chr6_122780000_122781000	0.206635	10	-173000	1	0.197397227272727
chr6_122321000_122322000	chr6_122780000_122781000	0.193156	11	-459000	1	0.197397227272727
chr6_122728000_122729000	chr6_122780000_122781000	0.180665	12	-52000	1	0.197397227272727
chr6_122322000_122323000	chr6_122780000_122781000	0.17929	13	-458000	1	0.197397227272727
chr6_122772000_122773000	chr6_122780000_122781000	0.171656	14	-8000	1	0.197397227272727
chr6_122314000_122315000	chr6_122780000_122781000	0.166071	15	-466000	1	0.197397227272727
chr6_122727000_122728000	chr6_122780000_122781000	0.155238	16	-53000	1	0.197397227272727
chr6_122523000_122524000	chr6_122780000_122781000	0.154968	17	-257000	1	0.197397227272727
chr6_122742000_122743000	chr6_122780000_122781000	0.151562	18	-38000	1	0.197397227272727
chr6_122632000_122633000	chr6_122780000_122781000	0.142895	19	-148000	1	0.197397227272727
chr6_122463000_122464000	chr6_122780000_122781000	0.13807	20	-317000	1	0.197397227272727
chr6_122298000_122299000	chr6_122780000_122781000	0.135662	21	-482000	1	0.197397227272727
chr6_122320000_122321000	chr6_122780000_122781000	0.133866	22	-460000	1	0.197397227272727
chr6_122304000_122305000	chr6_122801000_122802000	0.568041	1	-497000	1	0.339840125
chr6_122391000_122392000	chr6_122801000_122802000	0.475451	2	-410000	1	0.339840125
chr6_122297000_122298000	chr6_122801000_122802000	0.365466	3	-504000	1	0.339840125
chr6_122802000_122803000	chr6_122801000_122802000	0.294445	4	1000	1	0.339840125
chr6_122392000_122393000	chr6_122801000_122802000	0.261856	5	-409000	1	0.339840125
chr6_123657000_123658000	chr6_122801000_122802000	0.256512	6	856000	1	0.339840125
chr6_122560000_122561000	chr6_122801000_122802000	0.249807	7	-241000	1	0.339840125
chr6_122402000_122403000	chr6_122801000_122802000	0.247143	8	-399000	1	0.339840125
chr6_122560000_122561000	chr6_122802000_122803000	0.393276	1	-242000	1	0.278154666666667
chr6_122801000_122802000	chr6_122802000_122803000	0.356438	2	-1000	1	0.278154666666667
chr6_123657000_123658000	chr6_122802000_122803000	0.340618	3	855000	1	0.278154666666667
chr6_122669000_122670000	chr6_122802000_122803000	0.293534	4	-133000	1	0.278154666666667
chr6_122804000_122805000	chr6_122802000_122803000	0.264771	5	2000	1	0.278154666666667
chr6_122392000_122393000	chr6_122802000_122803000	0.225742	6	-410000	1	0.278154666666667
chr6_122625000_122626000	chr6_122802000_122803000	0.223334	7	-177000	1	0.278154666666667
chr6_122402000_122403000	chr6_122802000_122803000	0.21644	8	-400000	1	0.278154666666667
chr6_122627000_122628000	chr6_122802000_122803000	0.189239	9	-175000	1	0.278154666666667
chr6_122602000_122603000	chr6_122819000_122820000	0.432184	1	-217000	1	0.325606625
chr6_122495000_122496000	chr6_122819000_122820000	0.380546	2	-324000	1	0.325606625
chr6_122310000_122311000	chr6_122819000_122820000	0.36294	3	-509000	1	0.325606625
chr6_122297000_122298000	chr6_122819000_122820000	0.314484	4	-522000	1	0.325606625
chr6_122570000_122571000	chr6_122819000_122820000	0.314023	5	-249000	1	0.325606625
chr6_122795000_122796000	chr6_122819000_122820000	0.305797	6	-24000	1	0.325606625
chr6_122258000_122259000	chr6_122819000_122820000	0.266466	7	-561000	1	0.325606625
chr6_122546000_122547000	chr6_122819000_122820000	0.228413	8	-273000	1	0.325606625
chr6_122339000_122340000	chr6_122820000_122821000	0.593433	1	-481000	1	0.2385986
chr6_122874000_122875000	chr6_122820000_122821000	0.280978	2	54000	1	0.2385986
chr6_122761000_122762000	chr6_122820000_122821000	0.278921	3	-59000	1	0.2385986
chr6_122309000_122310000	chr6_122820000_122821000	0.260691	4	-511000	1	0.2385986
chr6_122304000_122305000	chr6_122820000_122821000	0.249334	5	-516000	1	0.2385986
chr6_122392000_122393000	chr6_122820000_122821000	0.242999	6	-428000	1	0.2385986
chr6_122659000_122660000	chr6_122820000_122821000	0.240261	7	-161000	1	0.2385986
chr6_122557000_122558000	chr6_122820000_122821000	0.196644	8	-263000	1	0.2385986
chr6_122491000_122492000	chr6_122820000_122821000	0.192976	9	-329000	1	0.2385986
chr6_122669000_122670000	chr6_122820000_122821000	0.179835	10	-151000	1	0.2385986
chr6_122826000_122827000	chr6_122820000_122821000	0.177271	11	6000	1	0.2385986
chr6_122627000_122628000	chr6_122820000_122821000	0.176514	12	-193000	1	0.2385986
chr6_122533000_122534000	chr6_122820000_122821000	0.175222	13	-287000	1	0.2385986
chr6_122487000_122488000	chr6_122820000_122821000	0.16772	14	-333000	1	0.2385986
chr6_122801000_122802000	chr6_122820000_122821000	0.16618	15	-19000	1	0.2385986
chr6_122343000_122344000	chr6_122821000_122822000	0.263989	1	-478000	1	0.168349666666667
chr6_122593000_122594000	chr6_122821000_122822000	0.250712	2	-228000	1	0.168349666666667
chr6_122820000_122821000	chr6_122821000_122822000	0.248949	3	-1000	1	0.168349666666667
chr6_122562000_122563000	chr6_122821000_122822000	0.230114	4	-259000	1	0.168349666666667
chr6_122338000_122339000	chr6_122821000_122822000	0.222323	5	-483000	1	0.168349666666667
chr6_122347000_122348000	chr6_122821000_122822000	0.179991	6	-474000	1	0.168349666666667
chr6_122557000_122558000	chr6_122821000_122822000	0.178885	7	-264000	1	0.168349666666667
chr6_122318000_122319000	chr6_122821000_122822000	0.167606	8	-503000	1	0.168349666666667
chr6_122785000_122786000	chr6_122821000_122822000	0.167189	9	-36000	1	0.168349666666667
chr6_122825000_122826000	chr6_122821000_122822000	0.156567	10	4000	1	0.168349666666667
chr6_122666000_122667000	chr6_122821000_122822000	0.144262	11	-155000	1	0.168349666666667
chr6_122310000_122311000	chr6_122821000_122822000	0.144202	12	-511000	1	0.168349666666667
chr6_122874000_122875000	chr6_122821000_122822000	0.141783	13	53000	1	0.168349666666667
chr6_122786000_122787000	chr6_122821000_122822000	0.139504	14	-35000	1	0.168349666666667
chr6_122892000_122893000	chr6_122821000_122822000	0.138896	15	71000	1	0.168349666666667
chr6_122328000_122329000	chr6_122821000_122822000	0.131128	16	-493000	1	0.168349666666667
chr6_122834000_122835000	chr6_122821000_122822000	0.130008	17	13000	1	0.168349666666667
chr6_122313000_122314000	chr6_122821000_122822000	0.127357	18	-508000	1	0.168349666666667
chr6_123810000_123811000	chr6_122821000_122822000	0.12701	19	989000	1	0.168349666666667
chr6_122340000_122341000	chr6_122821000_122822000	0.123155	20	-481000	1	0.168349666666667
chr6_122298000_122299000	chr6_122821000_122822000	0.121713	21	-523000	1	0.168349666666667
chr6_122310000_122311000	chr6_122856000_122857000	0.387178	1	-546000	1	0.205872238095238
chr6_122565000_122566000	chr6_122856000_122857000	0.375008	2	-291000	1	0.205872238095238
chr6_122782000_122783000	chr6_122856000_122857000	0.258976	3	-74000	1	0.205872238095238
chr6_122560000_122561000	chr6_122856000_122857000	0.246425	4	-296000	1	0.205872238095238
chr6_122875000_122876000	chr6_122856000_122857000	0.224542	5	19000	1	0.205872238095238
chr6_122795000_122796000	chr6_122856000_122857000	0.214439	6	-61000	1	0.205872238095238
chr6_122804000_122805000	chr6_122856000_122857000	0.213688	7	-52000	1	0.205872238095238
chr6_122689000_122690000	chr6_122856000_122857000	0.208305	8	-167000	1	0.205872238095238
chr6_123795000_123796000	chr6_122856000_122857000	0.208292	9	939000	1	0.205872238095238
chr6_122495000_122496000	chr6_122856000_122857000	0.192179	10	-361000	1	0.205872238095238
chr6_122554000_122555000	chr6_122856000_122857000	0.190351	11	-302000	1	0.205872238095238
chr6_122571000_122572000	chr6_122856000_122857000	0.189729	12	-285000	1	0.205872238095238
chr6_122812000_122813000	chr6_122856000_122857000	0.185423	13	-44000	1	0.205872238095238
chr6_122819000_122820000	chr6_122856000_122857000	0.175673	14	-37000	1	0.205872238095238
chr6_122546000_122547000	chr6_122856000_122857000	0.163181	15	-310000	1	0.205872238095238
chr6_122496000_122497000	chr6_122856000_122857000	0.16005	16	-360000	1	0.205872238095238
chr6_122618000_122619000	chr6_122856000_122857000	0.158391	17	-238000	1	0.205872238095238
chr6_122319000_122320000	chr6_122856000_122857000	0.152192	18	-537000	1	0.205872238095238
chr6_122528000_122529000	chr6_122856000_122857000	0.150339	19	-328000	1	0.205872238095238
chr6_122825000_122826000	chr6_122856000_122857000	0.137206	20	-31000	1	0.205872238095238
chr6_122305000_122306000	chr6_122856000_122857000	0.13175	21	-551000	1	0.205872238095238
chr6_122309000_122310000	chr6_122874000_122875000	0.545393	1	-565000	1	0.320308888888889
chr6_122804000_122805000	chr6_122874000_122875000	0.451413	2	-70000	1	0.320308888888889
chr6_122669000_122670000	chr6_122874000_122875000	0.337874	3	-205000	1	0.320308888888889
chr6_122560000_122561000	chr6_122874000_122875000	0.326076	4	-314000	1	0.320308888888889
chr6_122259000_122260000	chr6_122874000_122875000	0.276282	5	-615000	1	0.320308888888889
chr6_122304000_122305000	chr6_122874000_122875000	0.2693	6	-570000	1	0.320308888888889
chr6_122819000_122820000	chr6_122874000_122875000	0.23716	7	-55000	1	0.320308888888889
chr6_122820000_122821000	chr6_122874000_122875000	0.223639	8	-54000	1	0.320308888888889
chr6_122801000_122802000	chr6_122874000_122875000	0.215643	9	-73000	1	0.320308888888889
chr6_122310000_122311000	chr6_122875000_122876000	0.383378	1	-565000	1	0.198056647058824
chr6_122635000_122636000	chr6_122875000_122876000	0.371748	2	-240000	1	0.198056647058824
chr6_122554000_122555000	chr6_122875000_122876000	0.274543	3	-321000	1	0.198056647058824
chr6_122309000_122310000	chr6_122875000_122876000	0.254886	4	-566000	1	0.198056647058824
chr6_122602000_122603000	chr6_122875000_122876000	0.210476	5	-273000	1	0.198056647058824
chr6_122795000_122796000	chr6_122875000_122876000	0.185698	6	-80000	1	0.198056647058824
chr6_122546000_122547000	chr6_122875000_122876000	0.178967	7	-329000	1	0.198056647058824
chr6_122304000_122305000	chr6_122875000_122876000	0.169713	8	-571000	1	0.198056647058824
chr6_122856000_122857000	chr6_122875000_122876000	0.169422	9	-19000	1	0.198056647058824
chr6_122258000_122259000	chr6_122875000_122876000	0.162787	10	-617000	1	0.198056647058824
chr6_122297000_122298000	chr6_122875000_122876000	0.15929	11	-578000	1	0.198056647058824
chr6_122819000_122820000	chr6_122875000_122876000	0.15505	12	-56000	1	0.198056647058824
chr6_122874000_122875000	chr6_122875000_122876000	0.148047	13	-1000	1	0.198056647058824
chr6_122495000_122496000	chr6_122875000_122876000	0.144302	14	-380000	1	0.198056647058824
chr6_122570000_122571000	chr6_122875000_122876000	0.135141	15	-305000	1	0.198056647058824
chr6_122624000_122625000	chr6_122875000_122876000	0.134247	16	-251000	1	0.198056647058824
chr6_122824000_122825000	chr6_122875000_122876000	0.129268	17	-51000	1	0.198056647058824
